10.0,1.0,2.0,1.0,800.4957285368672,800.4957285368672,0.0,6378.7,445.5,72.0,296.7,0.6935360475390845,202.30126757894735,1483.9,230.9,1084.0
10.0,1.0,3.0,2.0,838.3185225809351,838.3185225809351,0.0,5864.26,445.4,72.0,296.3,0.6894289586218836,251.52750635789474,1813.4,312.8,1105.6999999999998
25.0,1.0,2.0,1.0,1628.8842174609902,1628.8842174609902,0.0,15002.336666666666,445.44,72.0,296.6,0.6684652292617947,153.83551937684211,1743.44,234.04,1190.76
25.0,1.0,3.0,2.0,1588.320629508488,1588.320629508488,0.0,13989.216666666667,445.6,72.0,296.56,0.6561178034226991,184.8028886736842,2222.56,324.12,1228.52
2.0,1.0,2.0,1.0,1018.012472660158,1018.012472660158,0.0,0.0,445.5,72.0,0.0,0.8082582309536256,580.8229381052631,939.5,115.0,0.0
2.0,1.0,2.0,1.0,1035.010527349135,1035.010527349135,0.0,0.0,445.0,72.0,0.0,0.848394516566398,570.8187566315789,905.0,108.5,0.0
49.0,1.0,2.0,1.0,2658.4206596157674,2658.4206596157674,0.0,25519.146666666667,445.59183673469386,72.0,296.6326530612245,0.5813872357014971,119.21689644597204,2174.387755102041,213.3877551020408,1405.5510204081634
49.0,1.0,3.0,2.0,2480.7671650471993,2480.7671650471993,0.0,23271.006666666668,445.2448979591837,72.0,296.3673469387755,0.5915438648316542,136.49479280773366,2845.6326530612246,296.3469387755102,1493.1224489795918
10.0,1.0,2.0,1.0,2335.269274386593,2335.269274386593,0.0,3741.8366666666666,445.5,72.0,296.4,0.6850659748805361,309.19099936842093,1541.5,230.6,1168.3
10.0,1.0,3.0,2.0,2192.0919236022733,2192.0919236022733,0.0,3067.016666666667,445.2,72.0,296.5,0.6979094275630756,396.44973886315785,1971.4,321.5,1167.5
25.0,1.0,2.0,1.0,5059.157708279257,5059.157708279257,0.0,9310.036666666667,445.36,72.0,296.52,0.677406895988482,269.09575876126314,1763.44,214.0,1266.6000000000001
25.0,1.0,3.0,2.0,4379.106333000988,4379.106333000988,0.0,7709.83,445.16,72.0,296.4,0.6493027831045,311.1367113397895,2439.96,288.96,1325.92
2.0,1.0,2.0,1.0,1488.3311907961313,1488.3311907961313,0.0,0.0,445.0,72.0,0.0,0.8570632626197944,676.4371747368422,825.0,140.0,0.0
2.0,1.0,2.0,1.0,1539.5520223521912,1539.5520223521912,0.0,0.0,445.0,72.0,0.0,0.8218181724381045,670.4913176842105,790.5,135.0,0.0
49.0,1.0,2.0,1.0,7477.8704859283625,7477.8704859283625,0.0,14339.963333333333,445.38775510204084,72.0,296.42857142857144,0.5954719804296221,184.59037862083778,2395.265306122449,212.9795918367347,1667.857142857143
49.0,1.0,3.0,2.0,6081.530127402281,6081.530127402281,0.0,11417.393333333333,445.2244897959184,72.0,296.44897959183675,0.5947925237737783,206.8822008343716,3472.5714285714284,306.6326530612245,1846.0816326530612
10.0,1.0,2.0,1.0,3004.276799569489,3004.276799569489,0.0,2671.516666666667,445.3,72.0,0.0,0.7363444796392069,365.4375515368421,1576.8,232.9,1258.2
10.0,1.0,3.0,2.0,2706.033881166209,2706.033881166209,0.0,2102.7566666666667,445.2,72.0,0.0,0.7132898493606906,444.0761520421053,2030.7,306.5,1241.5
25.0,1.0,2.0,1.0,6538.081032632072,6538.081032632072,0.0,6682.403333333334,445.24,72.0,0.0,0.6892376407099104,297.3332670989474,1826.96,208.52,1387.48
25.0,1.0,3.0,2.0,5189.301646064813,5189.301646064813,0.0,5075.8,445.36,72.0,0.0,0.6587569527271252,347.6805210096841,2667.28,290.72,1491.48
2.0,1.0,2.0,1.0,1604.4304945401125,1604.4304945401125,0.0,0.0,445.0,72.0,0.0,0.8144658276625876,700.0045863157894,769.5,176.0,0.0
2.0,1.0,2.0,1.0,1536.7955275789834,1536.7955275789834,0.0,0.0,445.0,72.0,0.0,0.8224823256366876,638.8230671578947,809.0,185.5,0.0
49.0,1.0,2.0,1.0,9442.51225024283,9442.51225024283,0.0,10062.626666666667,445.265306122449,72.0,0.0,0.6043767904687939,201.5979577228786,2541.714285714286,216.79591836734693,1863.3061224489795
49.0,1.0,3.0,2.0,7159.146406581931,7159.146406581931,0.0,7467.006666666667,445.3265306122449,72.0,0.0,0.5952347194637133,218.95675509989258,3818.6938775510203,315.83673469387753,2119.3469387755104
10.0,1.0,2.0,3.0,705.6880315242481,705.6880315242481,0.0,6233.696666666667,530.4,72.0,0.0,0.7161069367933861,240.06671448421048,1911.6,372.7,1139.9
10.0,1.0,3.0,4.0,701.9470347636908,701.9470347636908,0.0,5394.58,530.6,72.0,296.8,0.7032955231605778,286.5832727578947,2545.1,519.0,1148.3
25.0,1.0,2.0,3.0,1431.2420831196957,1431.2420831196957,0.0,14480.203333333333,530.36,72.0,0.0,0.6726746645402418,183.35156131368427,2416.12,390.28,1258.16
25.0,1.0,3.0,5.0,1337.7789307571966,1337.7789307571966,0.0,12942.033333333333,530.28,72.0,296.36,0.6653678562687575,227.14189889515794,3408.92,532.04,1263.6
2.0,1.0,2.0,1.0,1005.8553001700699,1005.8553001700699,0.0,0.0,530.0,72.0,0.0,0.8680005039580178,547.9669216842105,946.5,109.5,0.0
2.0,1.0,2.0,1.0,1013.4992237782594,1013.4992237782594,0.0,0.0,530.5,72.0,0.0,0.7839256786365363,567.908508,919.0,107.0,0.0
49.0,1.0,2.0,3.0,2196.9424422495485,2196.9424422495485,0.0,23140.983333333334,530.3061224489796,72.0,0.0,0.6123344002272223,130.89929390118152,3235.1428571428573,370.48979591836735,1571.857142857143
49.0,1.0,3.0,5.0,1925.4004909454259,1925.4004909454259,0.0,19861.316666666666,530.3673469387755,72.0,296.59183673469386,0.6001380780424401,157.53239743071958,4702.163265306122,537.0816326530612,1668.857142857143
10.0,1.0,2.0,3.0,1627.7506030578231,1627.7506030578231,0.0,3903.77,530.3,72.0,0.0,0.7124520541584172,362.2042742736841,2121.5,383.0,1235.8
10.0,1.0,3.0,4.0,1556.5577101160145,1556.5577101160145,0.0,3267.786666666667,530.2,72.0,296.3,0.7422898398273526,451.1044701052631,2761.7,484.6,1141.6
25.0,1.0,2.0,3.0,3389.149179697626,3389.149179697626,0.0,9348.196666666667,530.36,72.0,0.0,0.6601476496534086,306.43621739789467,2648.96,359.0,1349.4
25.0,1.0,3.0,5.0,2725.0501874267497,2725.0501874267497,0.0,7197.736666666667,530.4,72.0,296.48,0.6636084687778359,346.39254091031586,4034.52,522.16,1412.28
2.0,1.0,2.0,1.0,1392.4794200937276,1392.4794200937276,0.0,0.0,530.5,72.0,0.0,0.8006030990359533,652.8623886315789,871.5,138.5,0.0
2.0,1.0,2.0,1.0,1405.8402616234914,1405.8402616234914,0.0,0.0,530.0,72.0,0.0,0.8131332162921504,662.5163587368421,857.5,138.0,0.0
49.0,1.0,2.0,3.0,4631.303961566038,4631.303961566038,0.0,13333.083333333334,530.265306122449,72.0,0.0,0.6265528476470709,199.24573810526314,3914.387755102041,388.0816326530612,1902.8163265306123
49.0,1.0,3.0,5.0,3587.615246355435,3587.615246355435,0.0,10105.09,530.3877551020408,72.0,296.42857142857144,0.6156494502701528,222.48000668743293,6031.163265306122,578.4285714285714,2086.9795918367345
10.0,1.0,2.0,3.0,1965.0976387840115,1965.0976387840115,0.0,3320.45,530.3,72.0,0.0,0.7447823010693264,409.889801368421,2149.1,376.1,1216.5
10.0,1.0,3.0,4.0,1772.766271203877,1772.766271203877,0.0,2619.29,530.4,72.0,296.4,0.660914791771232,477.1376732631579,2859.2,482.6,1147.5
25.0,1.0,2.0,3.0,3658.4090576138683,3658.4090576138683,0.0,7102.443333333334,530.44,72.0,0.0,0.6423874516555539,321.7217143578947,3008.12,365.28,1510.68
25.0,1.0,3.0,5.0,2979.003702896655,2979.003702896655,0.0,5534.066666666667,530.36,72.0,296.44,0.6665128990354298,368.96933676884214,4372.12,527.88,1491.9199999999998
2.0,1.0,2.0,1.0,1450.0346445851,1450.0346445851,0.0,0.0,530.0,72.0,0.0,0.8218889622107117,663.3538966315789,845.0,181.0,0.0
2.0,1.0,2.0,1.0,1444.3699092925467,1444.3699092925467,0.0,0.0,530.0,72.0,0.0,0.7866763739531567,651.7114364210527,847.0,176.5,0.0
49.0,1.0,2.0,3.0,5188.365440914304,5188.365440914304,0.0,10506.413333333334,530.2857142857143,72.0,0.0,0.6383977666192178,209.61319980150375,4221.0204081632655,396.40816326530614,2057.7755102040815
49.0,1.0,3.0,5.0,3922.7769946836174,3922.7769946836174,0.0,7772.323333333334,530.5102040816327,72.0,296.59183673469386,0.6209689740338329,233.88315677679915,6513.816326530612,589.7142857142857,2234.9795918367345
