10.0,1.0,2.0,1.0,800.4957285368672,800.4957285368672,0.0,6378.7,445.5,72.0,296.7,0.6935360475390845,202.30126757894735,1483.9,230.9,1084.0
10.0,1.0,3.0,2.0,838.3185225809351,838.3185225809351,0.0,5864.26,445.4,72.0,296.3,0.6894289586218836,251.52750635789474,1813.4,312.8,1105.6999999999998
25.0,1.0,2.0,1.0,1628.8842174609902,1628.8842174609902,0.0,15002.336666666666,445.44,72.0,296.6,0.6684652292617947,153.83551937684211,1743.44,234.04,1190.76
25.0,1.0,3.0,2.0,1588.320629508488,1588.320629508488,0.0,13989.216666666667,445.6,72.0,296.56,0.6561178034226991,184.8028886736842,2222.56,324.12,1228.52
49.0,1.0,2.0,1.0,2658.4206596157674,2658.4206596157674,0.0,25519.146666666667,445.59183673469386,72.0,296.6326530612245,0.5813872357014971,119.21689644597204,2174.387755102041,213.3877551020408,1405.5510204081634
49.0,1.0,3.0,2.0,2480.7671650471993,2480.7671650471993,0.0,23271.006666666668,445.2448979591837,72.0,296.3673469387755,0.5915438648316542,136.49479280773366,2845.6326530612246,296.3469387755102,1493.1224489795918
10.0,1.0,2.0,1.0,2335.269274386593,2335.269274386593,0.0,3741.8366666666666,445.5,72.0,296.4,0.6850659748805361,309.19099936842093,1541.5,230.6,1168.3
10.0,1.0,3.0,2.0,2192.0919236022733,2192.0919236022733,0.0,3067.016666666667,445.2,72.0,296.5,0.6979094275630756,396.44973886315785,1971.4,321.5,1167.5
25.0,1.0,2.0,1.0,5059.157708279257,5059.157708279257,0.0,9310.036666666667,445.36,72.0,296.52,0.677406895988482,269.09575876126314,1763.44,214.0,1266.6000000000001
25.0,1.0,3.0,2.0,4379.106333000988,4379.106333000988,0.0,7709.83,445.16,72.0,296.4,0.6493027831045,311.1367113397895,2439.96,288.96,1325.92
49.0,1.0,2.0,1.0,7477.8704859283625,7477.8704859283625,0.0,14339.963333333333,445.38775510204084,72.0,296.42857142857144,0.5954719804296221,184.59037862083778,2395.265306122449,212.9795918367347,1667.857142857143
49.0,1.0,3.0,2.0,6081.530127402281,6081.530127402281,0.0,11417.393333333333,445.2244897959184,72.0,296.44897959183675,0.5947925237737783,206.8822008343716,3472.5714285714284,306.6326530612245,1846.0816326530612
10.0,1.0,2.0,1.0,3004.276799569489,3004.276799569489,0.0,2671.516666666667,445.3,72.0,0.0,0.7363444796392069,365.4375515368421,1576.8,232.9,1258.2
10.0,1.0,3.0,2.0,2706.033881166209,2706.033881166209,0.0,2102.7566666666667,445.2,72.0,0.0,0.7132898493606906,444.0761520421053,2030.7,306.5,1241.5
25.0,1.0,2.0,1.0,6538.081032632072,6538.081032632072,0.0,6682.403333333334,445.24,72.0,0.0,0.6892376407099104,297.3332670989474,1826.96,208.52,1387.48
25.0,1.0,3.0,2.0,5189.301646064813,5189.301646064813,0.0,5075.8,445.36,72.0,0.0,0.6587569527271252,347.6805210096841,2667.28,290.72,1491.48
49.0,1.0,2.0,1.0,9442.51225024283,9442.51225024283,0.0,10062.626666666667,445.265306122449,72.0,0.0,0.6043767904687939,201.5979577228786,2541.714285714286,216.79591836734693,1863.3061224489795
49.0,1.0,3.0,2.0,7159.146406581931,7159.146406581931,0.0,7467.006666666667,445.3265306122449,72.0,0.0,0.5952347194637133,218.95675509989258,3818.6938775510203,315.83673469387753,2119.3469387755104
10.0,1.0,2.0,3.0,705.6880315242481,705.6880315242481,0.0,6233.696666666667,530.4,72.0,0.0,0.7161069367933861,240.06671448421048,1911.6,372.7,1139.9
10.0,1.0,3.0,4.0,701.9470347636908,701.9470347636908,0.0,5394.58,530.6,72.0,296.8,0.7032955231605778,286.5832727578947,2545.1,519.0,1148.3
25.0,1.0,2.0,3.0,1431.2420831196957,1431.2420831196957,0.0,14480.203333333333,530.36,72.0,0.0,0.6726746645402418,183.35156131368427,2416.12,390.28,1258.16
25.0,1.0,3.0,5.0,1337.7789307571966,1337.7789307571966,0.0,12942.033333333333,530.28,72.0,296.36,0.6653678562687575,227.14189889515794,3408.92,532.04,1263.6
49.0,1.0,2.0,3.0,2196.9424422495485,2196.9424422495485,0.0,23140.983333333334,530.3061224489796,72.0,0.0,0.6123344002272223,130.89929390118152,3235.1428571428573,370.48979591836735,1571.857142857143
49.0,1.0,3.0,5.0,1925.4004909454259,1925.4004909454259,0.0,19861.316666666666,530.3673469387755,72.0,296.59183673469386,0.6001380780424401,157.53239743071958,4702.163265306122,537.0816326530612,1668.857142857143
10.0,1.0,2.0,3.0,1627.7506030578231,1627.7506030578231,0.0,3903.77,530.3,72.0,0.0,0.7124520541584172,362.2042742736841,2121.5,383.0,1235.8
10.0,1.0,3.0,4.0,1556.5577101160145,1556.5577101160145,0.0,3267.786666666667,530.2,72.0,296.3,0.7422898398273526,451.1044701052631,2761.7,484.6,1141.6
25.0,1.0,2.0,3.0,3389.149179697626,3389.149179697626,0.0,9348.196666666667,530.36,72.0,0.0,0.6601476496534086,306.43621739789467,2648.96,359.0,1349.4
25.0,1.0,3.0,5.0,2725.0501874267497,2725.0501874267497,0.0,7197.736666666667,530.4,72.0,296.48,0.6636084687778359,346.39254091031586,4034.52,522.16,1412.28
49.0,1.0,2.0,3.0,4631.303961566038,4631.303961566038,0.0,13333.083333333334,530.265306122449,72.0,0.0,0.6265528476470709,199.24573810526314,3914.387755102041,388.0816326530612,1902.8163265306123
49.0,1.0,3.0,5.0,3587.615246355435,3587.615246355435,0.0,10105.09,530.3877551020408,72.0,296.42857142857144,0.6156494502701528,222.48000668743293,6031.163265306122,578.4285714285714,2086.9795918367345
10.0,1.0,2.0,3.0,1965.0976387840115,1965.0976387840115,0.0,3320.45,530.3,72.0,0.0,0.7447823010693264,409.889801368421,2149.1,376.1,1216.5
10.0,1.0,3.0,4.0,1772.766271203877,1772.766271203877,0.0,2619.29,530.4,72.0,296.4,0.660914791771232,477.1376732631579,2859.2,482.6,1147.5
25.0,1.0,2.0,3.0,3658.4090576138683,3658.4090576138683,0.0,7102.443333333334,530.44,72.0,0.0,0.6423874516555539,321.7217143578947,3008.12,365.28,1510.68
25.0,1.0,3.0,5.0,2979.003702896655,2979.003702896655,0.0,5534.066666666667,530.36,72.0,296.44,0.6665128990354298,368.96933676884214,4372.12,527.88,1491.9199999999998
49.0,1.0,2.0,3.0,5188.365440914304,5188.365440914304,0.0,10506.413333333334,530.2857142857143,72.0,0.0,0.6383977666192178,209.61319980150375,4221.0204081632655,396.40816326530614,2057.7755102040815
49.0,1.0,3.0,5.0,3922.7769946836174,3922.7769946836174,0.0,7772.323333333334,530.5102040816327,72.0,296.59183673469386,0.6209689740338329,233.88315677679915,6513.816326530612,589.7142857142857,2234.9795918367345
10.0,1.0,2.0,1.0,854.6146263475632,854.6146263475632,0.0,6842.416666666667,442.8,72.0,0.0,0.7097495304163889,117.69184816842107,1405.8,225.4,1054.4
10.0,1.0,3.0,2.0,916.4910896604143,916.4910896604143,0.0,6383.823333333334,443.2,72.0,0.0,0.7324888079021905,137.5825184,1636.4,310.9,1056.9
25.0,1.0,2.0,1.0,1750.2444616577682,1750.2444616577682,0.0,16093.966666666667,443.2,72.0,0.0,0.668086848924807,102.42951201684211,1638.12,228.28,1151.72
25.0,1.0,3.0,2.0,1753.6769582537204,1753.6769582537204,0.0,15448.803333333333,443.08,72.0,0.0,0.7054645683674446,122.38695353010526,1972.16,303.6,1154.2
49.0,1.0,2.0,1.0,2858.7807590205234,2858.7807590205234,0.0,27425.61,443.0,72.0,0.0,0.6000324544461848,86.25925452760474,1981.469387755102,206.53061224489795,1351.2448979591836
49.0,1.0,3.0,2.0,2684.736174432283,2684.736174432283,0.0,25230.87,443.0204081632653,72.0,0.0,0.6100085776275145,97.17639410225564,2526.0408163265306,288.1224489795918,1421.5714285714287
10.0,1.0,2.0,1.0,2477.0472715590026,2477.0472715590026,0.0,3960.56,443.0,72.0,0.0,0.7263636642687589,183.98406597894737,1432.7,225.1,1127.8
10.0,1.0,3.0,2.0,2380.501686630854,2380.501686630854,0.0,3329.5033333333336,442.9,72.0,0.0,0.7929364316781935,229.41662121263155,1749.9,310.2,1105.4
25.0,1.0,2.0,1.0,5373.360231455295,5373.360231455295,0.0,9887.483333333334,443.0,72.0,0.0,0.6983690646603082,163.6297911435789,1570.32,201.36,1183.76
25.0,1.0,3.0,2.0,4713.624246858222,4713.624246858222,0.0,8293.776666666667,443.0,72.0,0.0,0.6795183254447374,190.0531423326316,2087.08,274.8,1223.4
49.0,1.0,2.0,1.0,7353.153399495715,7353.153399495715,0.0,14105.2,443.0612244897959,72.0,0.0,0.6256028995176903,122.34432977615467,2200.6938775510203,212.48979591836735,1624.9795918367347
49.0,1.0,3.0,2.0,6025.450041984174,6025.450041984174,0.0,11316.666666666666,442.8979591836735,72.0,0.0,0.6156303529029246,135.3390548313641,3061.122448979592,305.7755102040816,1796.6734693877552
10.0,1.0,2.0,1.0,3136.357321042977,3136.357321042977,0.0,2789.97,443.0,72.0,0.0,0.7556283468823912,207.07611061052629,1457.8,226.0,1158.1
10.0,1.0,3.0,2.0,2983.865304062046,2983.865304062046,0.0,2320.5433333333335,443.0,72.0,0.0,0.7186658979211576,270.9627514526316,1732.7,297.8,1088.7
25.0,1.0,2.0,1.0,6779.462725936016,6779.462725936016,0.0,6927.18,443.04,72.0,0.0,0.6836079204274134,187.46853386105263,1594.32,196.6,1221.92
25.0,1.0,3.0,2.0,5705.844927901194,5705.844927901194,0.0,5576.44,443.12,72.0,0.0,0.674832577317957,218.9782133389474,2129.48,272.68,1259.72
49.0,1.0,2.0,1.0,8743.34940123907,8743.34940123907,0.0,9311.733333333334,443.0204081632653,72.0,0.0,0.6309447985725222,131.84054547239526,2323.0,218.0204081632653,1757.9795918367347
49.0,1.0,3.0,2.0,6969.708348076014,6969.708348076014,0.0,7265.983333333334,443.0816326530612,72.0,0.0,0.6220026622340228,147.58094122663798,3224.285714285714,313.85714285714283,1916.4489795918366
10.0,1.0,2.0,3.0,742.3861483405175,742.3861483405175,0.0,6529.136666666666,525.7,72.0,0.0,0.6989785633693486,135.13656400000002,1755.9,369.1,1074.2
10.0,1.0,3.0,4.0,777.0851812286369,777.0851812286369,0.0,5980.733333333334,525.6,72.0,0.0,0.7392744465107534,162.69412955789474,2198.5,498.7,1074.8
25.0,1.0,2.0,3.0,1519.0961608853445,1519.0961608853445,0.0,15368.373333333333,525.8,72.0,0.0,0.675055457889665,129.60475594105264,2171.92,370.2,1158.24
25.0,1.0,3.0,5.0,1499.112386326881,1499.112386326881,0.0,14461.496666666666,525.68,72.0,0.0,0.6737392741891898,146.46084816757892,2827.4,492.72,1148.16
49.0,1.0,2.0,3.0,2207.457720391253,2207.457720391253,0.0,23287.81,525.795918367347,72.0,0.0,0.6119500852874428,98.31181038668099,2955.326530612245,366.53061224489795,1491.857142857143
49.0,1.0,3.0,5.0,1961.0015792555753,1961.0015792555753,0.0,20258.113333333335,525.530612244898,72.0,0.0,0.6266372169621359,113.12266641460792,4096.448979591837,530.204081632653,1607.2244897959183
10.0,1.0,2.0,3.0,1683.3930055152603,1683.3930055152603,0.0,4037.98,525.6,72.0,0.0,0.7249033895856443,212.04072429473686,1910.8,374.2,1131.2
10.0,1.0,3.0,4.0,1704.7744545030941,1704.7744545030941,0.0,3575.3766666666666,525.8,72.0,0.0,0.6904317550949595,262.3687595368421,2284.3,462.7,1040.1
25.0,1.0,2.0,3.0,3221.7610880297684,3221.7610880297684,0.0,8886.046666666667,525.8,72.0,0.0,0.6722747782572663,181.08263137684207,2329.76,342.56,1227.56
25.0,1.0,3.0,5.0,2645.230797274016,2645.230797274016,0.0,6984.616666666667,525.76,72.0,0.0,0.7001391305680555,201.16795768757896,3359.84,494.28,1301.48
49.0,1.0,2.0,3.0,3630.450973724431,3630.450973724431,0.0,10447.343333333334,525.5714285714286,72.0,0.0,0.6263153582279904,124.30980511278194,3617.061224489796,395.265306122449,1858.265306122449
49.0,1.0,3.0,5.0,2826.8855543393875,2826.8855543393875,0.0,7961.3133333333335,525.795918367347,72.0,0.0,0.6351050858278697,130.3779311145005,5253.775510204082,577.8571428571429,2074.3673469387754
10.0,1.0,2.0,3.0,2011.36388627575,2011.36388627575,0.0,3396.2966666666666,525.8,72.0,0.0,0.7531913852968104,236.11555932631572,1905.3,360.4,1104.4
10.0,1.0,3.0,4.0,1910.4193174731417,1910.4193174731417,0.0,2819.9566666666665,525.5,72.0,0.0,0.7824135664670346,289.609394391579,2327.1,461.9,1055.8
25.0,1.0,2.0,3.0,3563.6732194211468,3563.6732194211468,0.0,6920.513333333333,525.76,72.0,0.0,0.6995308823360223,192.187857623579,2395.72,340.76,1269.32
25.0,1.0,3.0,5.0,2827.523541861907,2827.523541861907,0.0,5251.8133333333335,525.72,72.0,0.0,0.6878778921802657,213.18840719999997,3498.68,498.56,1358.2
49.0,1.0,2.0,3.0,3812.4643565415204,3812.4643565415204,0.0,7720.006666666667,525.6530612244898,72.0,0.0,0.6343017204277055,126.80150412030072,3787.4897959183672,403.2857142857143,1952.3061224489795
49.0,1.0,3.0,5.0,2913.203348386641,2913.203348386641,0.0,5773.143333333333,525.5714285714286,72.0,0.0,0.6346017459336871,132.95063511922663,5509.530612244898,590.8367346938776,2189.469387755102
