100.0,1.0,1.0,4.8519850599000085,2863.097026584645,2863.097026584645,0.0,39697.11,785.24,72.0,296.34,0.6071873851767573,69.41116847111114,3823.43,813.48,1882.7
100.0,1.0,2.0,9.511841116800007,2346.1998219344623,2346.1998219344623,0.0,32164.176666666666,785.36,72.0,296.49,0.6337955397124962,87.63696967466666,7537.96,1584.41,2098.8
100.0,1.0,3.0,13.98533145570001,1975.5265659291135,1975.5265659291135,0.0,26836.603333333333,785.51,72.0,296.47,0.6465572742820899,115.2223274222222,12022.56,2357.62,2284.08
100.0,1.0,50.0,95.90625,521.9710929996211,521.9710929996211,0.0,3662.286666666667,785.5,72.0,296.74,0.6984008449263024,311.83827871288884,122467.37,22145.73,5025.52
10.0,1.0,1.0,3.6855899999999995,438.33237730550843,438.33237730550843,0.0,5511.536666666667,785.7,72.0,296.5,0.6008608311698554,141.824164,2302.5,589.7,1355.8
10.0,1.0,2.0,6.050879999999999,418.3438259528043,418.3438259528043,0.0,4678.8533333333335,785.7,72.0,296.6,0.6386500412047538,178.5011935111111,3759.2,1023.1,1433.9
10.0,1.0,3.0,7.487369999999999,409.9700834637373,409.9700834637373,0.0,4015.463333333333,785.6,72.0,296.6,0.6520243424715766,218.57647944888885,5130.3,1317.8,1507.7
10.0,1.0,5.0,8.71875,430.716275014668,430.716275014668,0.0,3007.26,785.1,72.0,296.2,0.6620768661293752,277.70962257777774,6880.3,1619.5,1644.9
125.0,1.0,1.0,4.881272344543234,3144.076538627953,3144.076538627953,0.0,43679.323333333334,785.344,72.0,296.416,0.5956707986998249,60.46074744177779,4478.744,875.624,2131.776
125.0,1.0,2.0,9.607598537703428,2596.000194560988,2596.000194560988,0.0,35761.17,785.376,72.0,296.496,0.6239815315106518,77.4091802567111,8295.56,1703.76,2379.064
125.0,1.0,3.0,14.182697046245382,2193.5700689660775,2193.5700689660775,0.0,29977.62,785.408,72.0,296.384,0.6368052999672988,100.94057879964448,13066.488,2536.144,2595.728
125.0,1.0,62.0,119.96750008051302,453.6558016977979,453.6558016977979,0.0,3210.3166666666666,785.616,72.0,296.944,0.6937557607505471,299.90736135964454,180488.056,34486.832,6484.152
140.0,1.0,1.0,4.893872100147982,3336.7252566027705,3336.7252566027705,0.0,46428.75666666667,785.2071428571429,72.0,296.35,0.580536182111979,59.92344574920634,4796.4857142857145,885.1714285714286,2259.3785714285714
140.0,1.0,2.0,9.648921573749003,2758.497782946433,2758.497782946433,0.0,38045.88333333333,785.3928571428571,72.0,296.5,0.6067241476729853,74.85709634920637,8770.078571428572,1710.9642857142858,2527.6
140.0,1.0,3.0,14.26812303796411,2333.226617990783,2333.226617990783,0.0,32000.456666666665,785.25,72.0,296.37857142857143,0.6232002720886767,92.42677928253966,13473.2,2587.7785714285715,2764.1285714285714
25.0,1.0,12.0,23.0875103232,472.92322260638485,472.92322260638485,0.0,3441.633333333333,785.32,72.0,296.36,0.591527376749018,264.27603953777776,26304.88,4579.56,2357.12
25.0,1.0,1.0,4.431055257600003,917.4655633582646,917.4655633582646,0.0,12342.273333333333,785.32,72.0,296.44,0.5993431573394803,112.69088074666665,2737.04,711.84,1532.6
25.0,1.0,2.0,8.182043443199998,777.9848310196157,777.9848310196157,0.0,10004.37,785.72,72.0,296.8,0.6222571618785256,152.8711946097778,5559.24,1360.48,1685.4
25.0,1.0,3.0,11.334433996800001,681.1712829633387,681.1712829633387,0.0,8382.033333333333,785.16,72.0,296.24,0.6270301857289109,164.33039815111107,8747.44,1983.28,1798.76
2.0,1.0,1.0,0.96875,191.45984657253453,191.45984657253453,0.0,1340.81,785.0,72.0,296.5,0.705954469628298,213.73068933333332,1135.0,223.5,932.0
50.0,1.0,1.0,4.707880956800004,1727.637709138041,1727.637709138041,0.0,23722.15,785.08,72.0,296.28,0.5989201538102248,91.94551184000001,2971.9,704.84,1599.8
50.0,1.0,25.0,47.46875,523.4887552411633,523.4887552411633,0.0,3656.85,785.3,72.0,296.34,0.6209880810743066,284.04346686577776,57401.92,9240.7,3164.92
50.0,1.0,2.0,9.046737817600008,1410.7442767819603,1410.7442767819603,0.0,18977.356666666667,785.68,72.0,296.78,0.6185391748579745,131.84605125333331,6371.1,1394.86,1780.76
50.0,1.0,3.0,13.038702902400013,1197.5603606009781,1197.5603606009781,0.0,15754.833333333334,785.38,72.0,296.48,0.6266846365382626,145.5686848942222,10396.4,2089.78,1917.42
75.0,1.0,1.0,4.803520189208224,2402.4706586271486,2402.4706586271486,0.0,33195.69666666666,785.2266666666667,72.0,296.38666666666666,0.6120590971063965,78.12110122666665,3319.5866666666666,780.6666666666666,1694.8533333333332
75.0,1.0,2.0,9.354290933675701,1945.2850785078454,1945.2850785078454,0.0,26504.636666666665,785.16,72.0,296.3333333333333,0.6357202456870173,112.89576711229627,6979.586666666667,1558.5733333333333,1894.3733333333332
75.0,1.0,37.0,71.52916704100082,537.1410311920574,537.1410311920574,0.0,3803.286666666667,785.28,72.0,296.38666666666666,0.6714181921304352,301.60313021392597,87651.04,15818.52,3859.32
75.0,1.0,3.0,13.66242037760001,1640.4193302494473,1640.4193302494473,0.0,22067.113333333335,785.2533333333333,72.0,296.32,0.6451136500606001,129.1218335336296,11369.213333333333,2326.56,2038.5866666666666
100.0,1.0,1.0,4.8519850599000085,5187.868931702145,5187.868931702145,0.0,30806.243333333332,785.42,72.0,296.42,0.6470280789032418,74.37932231199997,4200.51,852.03,2043.19
100.0,1.0,2.0,9.511841116800007,3684.867378995968,3684.867378995968,0.0,21653.24,785.29,72.0,296.35,0.6705378665280962,108.06861393066671,9055.05,1676.47,2346.41
100.0,1.0,3.0,13.98533145570001,2834.8500135816266,2834.8500135816266,0.0,16492.843333333334,785.37,72.0,296.47,0.6778186675820668,123.08667803822222,14705.47,2472.21,2572.14
100.0,1.0,50.0,95.90625,545.0788217131206,545.0788217131206,0.0,1631.1266666666668,785.42,72.0,296.59,0.685291632737614,315.8719919964444,134639.55,23337.38,5808.3
10.0,1.0,1.0,3.6855899999999995,807.1500293802758,807.1500293802758,0.0,4357.623333333333,785.2,72.0,296.1,0.6444307196230413,154.9674270222222,2436.5,640.1,1473.2
10.0,1.0,2.0,6.050879999999999,675.6406073612105,675.6406073612105,0.0,3241.65,785.3,72.0,296.4,0.6738595778558122,206.0630148444444,4477.1,1159.2,1579.5
10.0,1.0,3.0,7.487369999999999,619.25224543818,619.25224543818,0.0,2597.28,785.4,72.0,296.9,0.6831452812758034,241.09805768888887,5983.1,1501.0,1655.4
10.0,1.0,5.0,8.71875,617.0919668989266,617.0919668989266,0.0,1850.0266666666666,785.6,72.0,296.8,0.6858607261904017,285.15215911111113,7371.6,1784.4,1760.2
125.0,1.0,1.0,4.881272344543234,5685.910385906442,5685.910385906442,0.0,33845.013333333336,785.224,72.0,296.352,0.630965006510054,65.92818390755554,4909.168,920.928,2309.672
125.0,1.0,2.0,9.607598537703428,4051.3765547313387,4051.3765547313387,0.0,23920.273333333334,785.264,72.0,296.368,0.6599645501600867,96.0615187669333,10112.144,1840.896,2687.216
125.0,1.0,3.0,14.182697046245382,3110.3824059662306,3110.3824059662306,0.0,18213.646666666667,785.368,72.0,296.424,0.6674577419792207,109.45865707733337,16390.824,2764.728,2974.024
125.0,1.0,62.0,119.96750008051302,472.46533303636136,472.46533303636136,0.0,1431.0166666666667,785.776,72.0,296.776,0.6782486560219476,307.66467888995567,196048.12,35421.2,7456.16
140.0,1.0,1.0,4.893872100147982,6030.892793364228,6030.892793364228,0.0,35936.11666666667,785.3642857142858,72.0,296.42857142857144,0.6136662331705413,63.33446817015873,5255.342857142857,929.9071428571428,2448.8285714285716
140.0,1.0,2.0,9.648921573749003,4309.182754631232,4309.182754631232,0.0,25487.226666666666,785.4142857142857,72.0,296.54285714285714,0.643802563077135,83.3729291720635,10575.035714285714,1864.3428571428572,2863.55
140.0,1.0,3.0,14.26812303796411,3322.360979279429,3322.360979279429,0.0,19507.16,785.35,72.0,296.3642857142857,0.6560670995115877,101.29885885079361,16800.242857142857,2831.6857142857143,3188.957142857143
140.0,1.0,70.0,134.65625,456.7558081106891,456.7558081106891,0.0,1369.4033333333334,785.5,72.0,296.4642857142857,0.6913933339874558,310.1002086444445,225503.25,42829.764285714286,8258.585714285715
25.0,1.0,12.0,23.0875103232,577.5892753438625,577.5892753438625,0.0,1803.73,785.12,72.0,296.32,0.6124524589121242,282.71885866666673,27052.88,5060.2,2542.08
25.0,1.0,1.0,4.431055257600003,1666.1852934575372,1666.1852934575372,0.0,9600.223333333333,785.44,72.0,296.56,0.640370111040045,136.78054644622222,2979.28,756.92,1688.32
25.0,1.0,2.0,8.182043443199998,1231.6202355099051,1231.6202355099051,0.0,6800.37,785.32,72.0,296.44,0.6523034840817646,154.65339747555552,6612.56,1497.76,1867.88
25.0,1.0,3.0,11.334433996800001,995.979261294205,995.979261294205,0.0,5260.78,785.16,72.0,296.32,0.6477330856033592,162.69100576000002,10271.48,2187.2,1988.84
2.0,1.0,1.0,0.96875,376.53122298150697,376.53122298150697,0.0,1128.28,785.5,72.0,296.5,0.7043510130357936,253.6051728888889,1085.5,219.0,959.5
50.0,1.0,1.0,4.707880956800004,3148.3613439278483,3148.3613439278483,0.0,18508.073333333334,785.4,72.0,296.34,0.6362696509478741,123.88737627911111,3259.08,751.7,1749.0
50.0,1.0,25.0,47.46875,567.0338444770681,567.0338444770681,0.0,1700.1833333333334,785.2,72.0,296.28,0.6208870649121866,291.44963239466665,62074.62,10139.76,3665.72
50.0,1.0,2.0,9.046737817600008,2215.9961152057917,2215.9961152057917,0.0,12765.446666666667,785.36,72.0,296.5,0.653409482643093,148.55190825600005,7649.8,1504.54,1982.22
50.0,1.0,3.0,13.038702902400013,1714.2454885277343,1714.2454885277343,0.0,9669.12,785.36,72.0,296.48,0.6518683044239403,150.1355008604444,12542.08,2225.34,2141.62
75.0,1.0,1.0,4.803520189208224,4355.494873405938,4355.494873405938,0.0,25786.33,785.32,72.0,296.46666666666664,0.6538808258037002,96.56905759644448,3647.1066666666666,827.32,1842.2933333333333
75.0,1.0,2.0,9.354290933675701,3061.4209233274914,3061.4209233274914,0.0,17887.27666666667,785.4,72.0,296.50666666666666,0.6739969139109665,123.04173218370373,8330.2,1663.7733333333333,2088.88
75.0,1.0,37.0,71.52916704100082,571.2636133162231,571.2636133162231,0.0,1735.29,785.1733333333333,72.0,296.49333333333334,0.6691623372243434,311.7633839881479,94750.0,17049.18666666667,4381.906666666667
75.0,1.0,3.0,13.66242037760001,2352.080168068052,2352.080168068052,0.0,13543.74,785.1333333333333,72.0,296.3333333333333,0.6751492846037592,136.22050224592593,13661.92,2451.1466666666665,2268.173333333333
100.0,1.0,1.0,4.8519850599000085,5713.458661031494,5713.458661031494,0.0,28909.256666666668,785.4,72.0,296.53,0.6558239539865127,74.63292623199997,4297.52,864.58,2069.1
100.0,1.0,2.0,9.511841116800007,3932.524188113957,3932.524188113957,0.0,19695.566666666666,785.27,72.0,296.38,0.6772236222281048,111.41751062755554,9370.94,1695.46,2391.29
100.0,1.0,3.0,13.98533145570001,2989.30877896039,2989.30877896039,0.0,14820.663333333334,785.25,72.0,296.29,0.6816005616037093,125.20611769244441,15179.54,2487.7,2613.66
100.0,1.0,50.0,95.90625,553.3639019285769,553.3639019285769,0.0,1413.6,785.49,72.0,296.49,0.6961207354476993,316.0287286035554,133317.88,24125.77,6007.99
10.0,1.0,1.0,3.6855899999999995,892.0961084602536,892.0961084602536,0.0,4102.753333333333,785.3,72.0,296.5,0.6496298351227391,163.46890124444442,2494.6,648.0,1499.5
10.0,1.0,2.0,6.050879999999999,729.6815222172542,729.6815222172542,0.0,2984.346666666667,785.1,72.0,296.6,0.676594735753189,217.43749724444444,4589.5,1191.6,1596.9
10.0,1.0,3.0,7.487369999999999,660.8403523264718,660.8403523264718,0.0,2362.2233333333334,785.3,72.0,296.1,0.6861873003117405,243.90433804444447,6092.5,1526.6,1674.1
10.0,1.0,5.0,8.71875,662.4553692558002,662.4553692558002,0.0,1693.9266666666667,785.6,72.0,296.5,0.7004770296710421,295.08178994666656,7258.1,1800.1,1748.3
125.0,1.0,1.0,4.881272344543234,6254.716895945407,6254.716895945407,0.0,31711.716666666667,785.448,72.0,296.608,0.6378442688110486,68.06314285368889,5027.976,927.368,2344.032
125.0,1.0,2.0,9.607598537703428,4308.954291933033,4308.954291933033,0.0,21672.036666666667,785.296,72.0,296.32,0.6645909053461864,97.1346121336889,10524.864,1884.376,2753.4
125.0,1.0,3.0,14.182697046245382,3268.8967117487896,3268.8967117487896,0.0,16308.21,785.512,72.0,296.52,0.6701086869250007,108.91521345991109,17002.136,2784.08,3044.256
140.0,1.0,1.0,4.893872100147982,6621.572288655177,6621.572288655177,0.0,33600.316666666666,785.3785714285714,72.0,296.4714285714286,0.6201986645135987,65.79699308888887,5384.214285714285,942.7142857142857,2489.1428571428573
140.0,1.0,2.0,9.648921573749003,4575.858097867416,4575.858097867416,0.0,23051.666666666668,785.35,72.0,296.4642857142857,0.6480711314890574,87.15202445079366,11026.65,1896.5357142857142,2944.3142857142857
140.0,1.0,3.0,14.26812303796411,3490.96766394106,3490.96766394106,0.0,17459.096666666668,785.3357142857143,72.0,296.48571428571427,0.6598052562359009,102.83771020317457,17404.871428571427,2885.4,3273.442857142857
25.0,1.0,12.0,23.0875103232,594.8253831066565,594.8253831066565,0.0,1580.02,785.28,72.0,296.56,0.6218781795814933,279.43808383999993,26988.48,5167.68,2609.48
25.0,1.0,1.0,4.431055257600003,1833.6201024421428,1833.6201024421428,0.0,8996.753333333334,785.28,72.0,296.24,0.6496546010155293,141.97260004977775,3064.76,771.36,1722.12
25.0,1.0,2.0,8.182043443199998,1313.955582972699,1313.955582972699,0.0,6182.01,785.28,72.0,296.44,0.6552512796553536,157.27040611200002,6842.24,1521.24,1904.2
25.0,1.0,3.0,11.334433996800001,1041.1839668798455,1041.1839668798455,0.0,4685.4766666666665,785.28,72.0,296.64,0.6450185639029778,175.19926986311108,10690.28,2209.96,2027.84
2.0,1.0,1.0,0.96875,414.8566757608898,414.8566757608898,0.0,1061.8766666666668,785.0,72.0,296.5,0.7033070015466221,264.624444,1094.5,221.0,974.5
50.0,1.0,1.0,4.707880956800004,3466.5122002862036,3466.5122002862036,0.0,17362.703333333335,785.42,72.0,296.66,0.6473068247768694,125.73774242311109,3351.66,760.28,1777.9
50.0,1.0,25.0,47.46875,569.4594882596816,569.4594882596816,0.0,1453.86,785.42,72.0,296.34,0.6142174807153018,290.747936928,63497.06,10211.14,3737.14
50.0,1.0,2.0,9.046737817600008,2365.412184658551,2365.412184658551,0.0,11604.543333333333,785.36,72.0,296.38,0.6611185395838978,150.46411528355551,7889.36,1531.2,2014.7
50.0,1.0,3.0,13.038702902400013,1807.6713573594434,1807.6713573594434,0.0,8682.2,785.2,72.0,296.34,0.6549849157508052,155.13558923022222,12816.46,2239.78,2184.96
75.0,1.0,1.0,4.803520189208224,4775.601029332158,4775.601029332158,0.0,24086.543333333335,785.3733333333333,72.0,296.32,0.6620239621842039,103.02552993185186,3760.88,841.32,1877.6666666666667
75.0,1.0,2.0,9.354290933675701,3260.94871263098,3260.94871263098,0.0,16222.313333333334,785.4,72.0,296.50666666666666,0.6815540680461826,123.23678199940743,8618.933333333332,1685.76,2123.786666666667
75.0,1.0,37.0,71.52916704100082,572.0534659318879,572.0534659318879,0.0,1482.1866666666667,785.6133333333333,72.0,296.6,0.6671201818806247,311.7043018903703,96522.52,17152.773333333334,4565.8133333333335
75.0,1.0,3.0,13.66242037760001,2460.614688532729,2460.614688532729,0.0,12073.036666666667,785.4,72.0,296.41333333333336,0.6771470788148419,135.86763945481476,14190.946666666667,2477.4933333333333,2311.6133333333332
100.0,1.0,1.0,0.9900000000000009,4661.666675381341,4661.666675381341,0.0,46180.72666666667,445.26,72.0,296.37,0.5608522414495077,63.717052177777774,2016.89,214.47,1644.34
100.0,1.0,2.0,1.9800000000000018,4342.838755800557,4342.838755800557,0.0,42580.23,445.39,72.0,296.41,0.5806663143585368,74.54869517333334,2552.79,355.18,1740.64
100.0,1.0,3.0,2.9700000000000024,3919.0587092534615,3919.0587092534615,0.0,38022.93,445.22,72.0,296.44,0.5901508325488858,82.58969728888889,3316.77,516.16,1896.36
100.0,1.0,50.0,49.5,1020.0486241728535,1020.0486241728535,0.0,5096.923333333333,445.58,72.0,296.8,0.645929744744268,289.7239366133333,64477.0,9273.36,3686.86
10.0,1.0,1.0,0.8999999999999998,661.5661733832015,661.5661733832015,0.0,5928.93,445.3,72.0,296.6,0.5436680569018465,118.9354812444444,1297.6,165.9,1291.9
10.0,1.0,2.0,1.7999999999999996,676.8431563614345,676.8431563614345,0.0,5414.433333333333,445.3,72.0,296.4,0.5777712944280504,163.66391653333335,1752.0,298.8,1326.0
10.0,1.0,3.0,2.6999999999999993,696.7068134120742,696.7068134120742,0.0,4893.116666666667,445.5,72.0,296.6,0.6048707915290427,203.1744431111111,2141.3,434.0,1367.0
10.0,1.0,5.0,4.5,735.2874972453645,735.2874972453645,0.0,3671.4266666666667,445.5,72.0,296.6,0.6573000361710248,272.50300293333333,3293.4,745.2,1461.2
125.0,1.0,1.0,0.9920000000000009,5081.313398090958,5081.313398090958,0.0,50424.91,445.264,72.0,296.456,0.5470288811193632,59.458035626666685,2337.552,235.976,1886.24
125.0,1.0,2.0,1.9840000000000018,4743.453275512673,4743.453275512673,0.0,46598.706666666665,445.344,72.0,296.512,0.5667953618482701,65.25567030044446,2953.624,377.968,1994.384
125.0,1.0,3.0,2.9760000000000026,4324.11459779715,4324.11459779715,0.0,42226.293333333335,445.368,72.0,296.464,0.5829373962753029,73.91165621333334,3751.312,556.512,2136.36
140.0,1.0,1.0,0.9928571428571393,5319.215161304471,5319.215161304471,0.0,52836.89666666667,445.23571428571427,72.0,296.5,0.5427708255821909,61.17606519365078,2508.15,251.35714285714286,2013.5714285714287
140.0,1.0,2.0,1.9857142857142787,4950.863529707809,4950.863529707809,0.0,48827.27333333333,445.37142857142857,72.0,296.4714285714286,0.5621787679491125,68.2910377269841,3177.4857142857145,401.12857142857143,2129.75
140.0,1.0,3.0,2.9785714285714335,4584.483874398341,4584.483874398341,0.0,44874.28,445.4,72.0,296.42857142857144,0.5686137357250762,73.54384600190477,3999.3785714285714,561.6285714285714,2266.25
140.0,1.0,70.0,69.5,904.5709923255405,904.5709923255405,0.0,4518.013333333333,445.62142857142857,72.0,296.55,0.6632518321829812,276.43030467238106,103682.25714285714,17248.757142857143,5261.65
25.0,1.0,12.0,11.52,952.0239100926116,952.0239100926116,0.0,4938.333333333333,445.4,72.0,296.6,0.610599870861511,269.975738528,11040.52,1988.16,1978.88
25.0,1.0,1.0,0.9600000000000009,1454.7174941236665,1454.7174941236665,0.0,13961.96,445.56,72.0,296.76,0.5481105256894504,82.37340732444444,1531.68,180.12,1375.0
25.0,1.0,2.0,1.919999999999999,1400.116258693578,1400.116258693578,0.0,12892.073333333334,445.12,72.0,296.36,0.5676105109695853,111.51704924444442,1962.08,311.36,1440.08
25.0,1.0,3.0,2.88,1318.394199375645,1318.394199375645,0.0,11606.77,445.28,72.0,296.36,0.5862245541009456,126.20842783999996,2539.28,466.72,1531.6
2.0,1.0,1.0,0.5,274.4931778001444,274.4931778001444,0.0,1374.6433333333334,445.0,72.0,296.0,0.6944258065449533,199.42301377777778,563.0,115.0,927.5
50.0,1.0,1.0,0.9800000000000009,2742.632000330589,2742.632000330589,0.0,26899.303333333333,445.2,72.0,296.48,0.5473467677053927,69.66252250666668,1645.06,181.68,1431.36
50.0,1.0,25.0,24.5,1040.58471456674,1040.58471456674,0.0,5199.6033333333335,445.1,72.0,296.06,0.609189894985008,281.55492772800005,27643.08,4184.14,2475.68
50.0,1.0,2.0,1.9600000000000017,2582.900230839604,2582.900230839604,0.0,24777.916666666668,445.42,72.0,296.6,0.5658033034523147,90.57657449244445,2114.3,310.92,1510.48
50.0,1.0,3.0,2.9400000000000026,2398.2259524032515,2398.2259524032515,0.0,22557.726666666666,445.34,72.0,296.48,0.5799913185954715,102.3347647288889,2730.6,450.74,1603.72
75.0,1.0,1.0,0.9866666666666648,3802.9517205217467,3802.9517205217467,0.0,37600.666666666664,445.25333333333333,72.0,296.4533333333333,0.5558652824577757,66.38053918933332,1818.4533333333334,197.01333333333332,1526.8933333333334
75.0,1.0,2.0,1.9733333333333296,3572.9816424224364,3572.9816424224364,0.0,34798.67333333333,445.3333333333333,72.0,296.49333333333334,0.5747919485069688,79.37991063703703,2307.6666666666665,335.1333333333333,1606.2533333333333
75.0,1.0,37.0,36.50666666666666,1048.5292161435357,1048.5292161435357,0.0,5316.333333333333,445.37333333333333,72.0,296.6933333333333,0.6265639390411374,292.41817781214803,45034.21333333333,6457.613333333334,3006.36
75.0,1.0,3.0,2.9600000000000026,3313.6049073298764,3313.6049073298764,0.0,31777.786666666667,445.38666666666666,72.0,296.5466666666667,0.5926881683346225,90.54113252740738,2948.6133333333332,495.02666666666664,1700.4
100.0,1.0,1.0,0.9900000000000009,16205.641273187995,16205.641273187995,0.0,32090.06333333333,445.35,72.0,296.43,0.5892438423148146,66.73185607999999,1727.47,193.68,1725.06
100.0,1.0,2.0,1.9800000000000018,12791.453554339321,12791.453554339321,0.0,25069.213333333333,445.29,72.0,296.38,0.6258099903906027,96.38750814755552,2668.64,362.01,1952.92
100.0,1.0,3.0,2.9700000000000024,10240.85534987356,10240.85534987356,0.0,19860.79,445.31,72.0,296.44,0.63877980456353,105.73732451555553,3842.31,543.9,2203.38
100.0,1.0,50.0,49.5,1110.5139263526644,1110.5139263526644,0.0,1108.7733333333333,445.53,72.0,296.65,0.6341190962428443,298.50236351999996,72235.99,10027.05,4546.06
10.0,1.0,1.0,0.8999999999999998,2256.570426962766,2256.570426962766,0.0,4057.5233333333335,445.5,72.0,296.3,0.567561261106994,145.96939751111108,1173.4,154.3,1396.1
10.0,1.0,2.0,1.7999999999999996,1937.9714079513494,1937.9714079513494,0.0,3100.4366666666665,445.2,72.0,296.3,0.6310642193960525,186.20591662222225,1819.4,314.5,1463.2
10.0,1.0,3.0,2.6999999999999993,1670.0033015901652,1670.0033015901652,0.0,2341.6666666666665,445.5,72.0,296.4,0.6647250151886462,236.63378097777777,2513.4,501.0,1563.3
10.0,1.0,5.0,4.5,1407.253807665618,1407.253807665618,0.0,1408.0266666666666,445.4,72.0,296.7,0.7041677928838223,317.8440327111112,3723.4,862.2,1627.3
125.0,1.0,1.0,0.9920000000000009,17711.221835923752,17711.221835923752,0.0,35150.92,445.288,72.0,296.464,0.5759467540509335,62.90017491199998,2015.568,211.872,1961.312
125.0,1.0,3.0,2.9760000000000026,11368.989289039715,11368.989289039715,0.0,22180.626666666667,445.32,72.0,296.432,0.6284485864233937,94.23904446364443,4316.528,591.872,2479.976
125.0,1.0,62.0,61.504,1053.229654469179,1053.229654469179,0.0,1062.4066666666668,445.304,72.0,296.632,0.6547477492931735,293.13009681279993,95097.184,14398.616,5581.344
140.0,1.0,1.0,0.9928571428571393,18496.167865013995,18496.167865013995,0.0,36726.753333333334,445.3071428571429,72.0,296.45714285714286,0.5699884859630069,61.30139491809525,2181.557142857143,225.34285714285716,2092.3357142857144
140.0,1.0,2.0,1.9857142857142787,14699.071773660888,14699.071773660888,0.0,28968.423333333332,445.32142857142856,72.0,296.5,0.6029901370582905,77.22243956952384,3290.0071428571428,409.62857142857143,2371.6
140.0,1.0,3.0,2.9785714285714335,12128.442741446457,12128.442741446457,0.0,23731.55,445.37857142857143,72.0,296.45714285714286,0.6121305345831856,88.37273472952381,4559.3,601.1785714285714,2621.9142857142856
25.0,1.0,12.0,11.52,1340.0907467089241,1340.0907467089241,0.0,1394.7266666666667,445.2,72.0,296.12,0.6177654230458488,281.8539357866667,12542.64,2228.72,2328.04
25.0,1.0,1.0,0.9600000000000009,4977.450708503927,4977.450708503927,0.0,9551.28,445.28,72.0,296.56,0.568955707049726,120.69802328888888,1349.16,164.88,1494.68
25.0,1.0,2.0,1.919999999999999,3997.3726132851916,3997.3726132851916,0.0,7349.4,445.24,72.0,296.48,0.6092416826192499,150.39840760888893,2129.16,317.08,1668.72
25.0,1.0,3.0,2.88,3288.648047017068,3288.648047017068,0.0,5790.28,445.32,72.0,296.24,0.6307320272661328,164.53749831111108,3037.64,510.32,1815.2
2.0,1.0,1.0,0.5,906.3015604710238,906.3015604710238,0.0,907.06,445.0,72.0,296.0,0.7100567554524366,279.8072711111111,512.0,106.0,1005.5
50.0,1.0,1.0,0.9800000000000009,9496.064176238988,9496.064176238988,0.0,18614.366666666665,445.28,72.0,296.36,0.5686844207737554,98.05590184888887,1425.48,165.12,1535.96
50.0,1.0,25.0,24.5,1193.9760362064408,1193.9760362064408,0.0,1192.45,445.6,72.0,296.34,0.5938263065608674,298.0472572604444,32006.44,4467.44,3128.42
50.0,1.0,2.0,1.9600000000000017,7533.063954876659,7533.063954876659,0.0,14478.576666666666,445.24,72.0,296.3,0.6060789993813408,131.90507253333334,2257.26,310.54,1722.78
50.0,1.0,3.0,2.9400000000000026,6115.326429630176,6115.326429630176,0.0,11498.93,445.22,72.0,296.44,0.6218857122955199,141.58875403555552,3277.14,477.12,1892.02
75.0,1.0,1.0,0.9866666666666648,13285.73363720693,13285.73363720693,0.0,26212.97,445.3333333333333,72.0,296.46666666666664,0.580797284096955,76.53462046814813,1555.5066666666667,178.50666666666666,1611.1866666666667
75.0,1.0,2.0,1.9733333333333296,10451.388894052292,10451.388894052292,0.0,20350.146666666667,445.4,72.0,296.46666666666664,0.6185657376719792,109.70394100148144,2445.28,336.88,1820.5866666666666
75.0,1.0,37.0,36.50666666666666,1174.350845876465,1174.350845876465,0.0,1191.16,445.48,72.0,296.44,0.6209782429071611,300.43322184177765,50223.50666666667,6826.386666666666,3819.693333333333
75.0,1.0,3.0,2.9600000000000026,8515.653046969837,8515.653046969837,0.0,16345.513333333334,445.3333333333333,72.0,296.56,0.6389083556350235,123.83166175644445,3489.8933333333334,521.6533333333333,1990.7866666666666
100.0,1.0,1.0,0.9900000000000009,22573.38929847611,22573.38929847611,0.0,24835.496666666666,445.31,72.0,296.5,0.5993992477427137,71.62220215999999,1696.64,193.62,1766.1
100.0,1.0,2.0,1.9800000000000018,16452.442517347325,16452.442517347325,0.0,17912.083333333332,445.33,72.0,296.47,0.6410693572542401,97.51505724444442,2768.68,370.78,2036.73
100.0,1.0,3.0,2.9700000000000024,12522.274653320746,12522.274653320746,0.0,13492.336666666666,445.35,72.0,296.43,0.6528145271224622,108.0580603466667,4064.28,559.1,2329.67
100.0,1.0,50.0,49.5,1130.8189298714296,1130.8189298714296,0.0,628.69,445.47,72.0,296.6,0.6342025654240893,294.1339316284445,72795.35,10342.24,4807.63
10.0,1.0,1.0,0.8999999999999998,3076.4106640776376,3076.4106640776376,0.0,3075.51,445.2,72.0,296.5,0.5849753276225997,158.82972106666665,1177.3,156.9,1482.0
10.0,1.0,2.0,1.7999999999999996,2403.418883782905,2403.418883782905,0.0,2134.4933333333333,445.1,72.0,296.2,0.6470730592661521,198.13724026666665,1922.2,329.1,1549.5
10.0,1.0,3.0,2.6999999999999993,2014.9445155615297,2014.9445155615297,0.0,1567.6966666666667,445.6,72.0,296.6,0.686369011098274,261.8115984,2564.1,521.5,1630.4
10.0,1.0,5.0,4.5,1583.2834542961837,1583.2834542961837,0.0,881.4933333333333,445.4,72.0,296.3,0.7119732199762855,331.9650506666667,3779.8,879.7,1679.6
125.0,1.0,1.0,0.9920000000000009,24697.38782485152,24697.38782485152,0.0,27217.556666666667,445.304,72.0,296.384,0.5864549193828539,65.6142519886222,1977.704,211.424,1997.192
125.0,1.0,2.0,1.9840000000000018,18179.140644941355,18179.140644941355,0.0,19881.75,445.328,72.0,296.344,0.6259284104246458,88.45536457244441,3146.816,398.224,2309.752
125.0,1.0,62.0,61.504,851.7250354954466,851.7250354954466,0.0,430.36,445.528,72.0,113.936,0.840595414543901,260.7821460970666,120889.976,19098.608,7251.672
140.0,1.0,1.0,0.9928571428571393,25870.10739319327,25870.10739319327,0.0,28539.763333333332,445.3857142857143,72.0,296.5285714285714,0.5796267003034524,61.910170222222256,2133.7357142857145,223.02142857142857,2119.7285714285713
140.0,1.0,2.0,1.9857142857142787,18988.04126381869,18988.04126381869,0.0,20796.406666666666,445.3,72.0,296.4357142857143,0.6146888225231688,80.2783798768254,3395.4714285714285,417.6142857142857,2468.885714285714
140.0,1.0,3.0,2.9785714285714335,14823.210427749946,14823.210427749946,0.0,16117.583333333334,445.26428571428573,72.0,296.4428571428571,0.6254918349922998,89.33246193015873,4819.321428571428,627.1642857142857,2786.6285714285714
140.0,1.0,70.0,69.5,971.4222725882717,971.4222725882717,0.0,538.51,445.10714285714283,72.0,296.3071428571429,0.6490290432686405,282.5863119142858,119350.32142857143,18416.02142857143,6675.328571428571
25.0,1.0,12.0,11.52,1399.9013226440215,1399.9013226440215,0.0,808.9833333333333,445.24,72.0,296.44,0.6195579329521564,291.00912095999996,12863.32,2333.68,2472.72
25.0,1.0,1.0,0.9600000000000009,6854.673558016522,6854.673558016522,0.0,7312.293333333333,445.2,72.0,296.44,0.586711936139882,129.63106872888892,1347.16,166.4,1562.24
25.0,1.0,2.0,1.919999999999999,5071.629096306164,5071.629096306164,0.0,5184.016666666666,445.24,72.0,296.36,0.6260284616347769,153.29231907555553,2231.64,331.76,1765.8
25.0,1.0,3.0,2.88,3947.0557720960865,3947.0557720960865,0.0,3858.58,445.16,72.0,296.36,0.6386493020760338,155.18656501333334,3252.6,526.48,1930.48
2.0,1.0,1.0,0.5,1248.0569920178298,1248.0569920178298,0.0,695.2766666666666,445.0,72.0,296.5,0.7162164086246259,305.5321066666666,505.5,106.0,1030.5
50.0,1.0,1.0,0.9800000000000009,13165.343235601558,13165.343235601558,0.0,14340.386666666667,445.36,72.0,296.44,0.5837721472251625,109.4941113422222,1420.96,166.56,1593.2
50.0,1.0,25.0,24.5,1228.7142031263775,1228.7142031263775,0.0,683.77,445.38,72.0,296.36,0.596143681849729,294.99254526222217,32298.98,4630.14,3287.36
50.0,1.0,2.0,1.9600000000000017,9620.10669237831,9620.10669237831,0.0,10261.59,445.36,72.0,296.4,0.6208947549207898,135.4364354417778,2372.16,321.2,1813.92
50.0,1.0,3.0,2.9400000000000026,7384.636033304802,7384.636033304802,0.0,7712.81,445.38,72.0,296.38,0.6320005969901452,147.2028338328889,3504.82,496.36,2013.58
75.0,1.0,1.0,0.9866666666666648,18403.052962844555,18403.052962844555,0.0,20173.823333333334,445.32,72.0,296.4266666666667,0.5933553052781523,90.74532200296292,1542.92,179.6,1665.3466666666666
75.0,1.0,2.0,1.9733333333333296,13470.367643666834,13470.367643666834,0.0,14565.32,445.32,72.0,296.49333333333334,0.6346862053588538,114.62994938903701,2534.6666666666665,347.05333333333334,1895.6133333333332
75.0,1.0,37.0,36.50666666666666,1192.7535971538082,1192.7535971538082,0.0,671.7666666666667,445.58666666666664,72.0,296.58666666666664,0.6152256484984221,303.7845284859258,51178.94666666666,6945.84,4022.36
75.0,1.0,3.0,2.9600000000000026,10316.226030656968,10316.226030656968,0.0,11002.57,445.3333333333333,72.0,296.36,0.6530969925026345,126.61759281777776,3727.5866666666666,542.2133333333334,2106.2
100.0,1.0,1.0,1.9701000000000028,3939.644532523696,3939.644532523696,0.0,42922.426666666666,530.18,72.0,296.27,0.5826657402065106,63.493259555555575,2466.38,373.93,1764.24
100.0,1.0,2.0,3.920400000000008,3506.58341423438,3506.58341423438,0.0,37810.723333333335,530.33,72.0,296.33,0.6036689821959541,78.83467783111114,3725.89,659.6,1906.91
100.0,1.0,3.0,5.850900000000004,3145.9966767086867,3145.9966767086867,0.0,33553.88333333333,530.19,72.0,296.25,0.6196848034642678,96.63951014577778,5242.79,985.21,2038.52
100.0,1.0,50.0,74.25,701.7848633992319,701.7848633992319,0.0,3855.97,530.0,72.0,296.32,0.6745066035997364,297.2217792675556,94260.38,16064.13,4457.97
10.0,1.0,1.0,1.7099999999999995,578.3810502914891,578.3810502914891,0.0,5733.4366666666665,530.4,72.0,296.4,0.5665500237161629,134.75263142222218,1598.9,288.3,1322.5
10.0,1.0,2.0,3.239999999999999,580.9036762148816,580.9036762148816,0.0,5121.786666666667,530.1,72.0,296.3,0.6083716702465984,177.28878115555554,2281.3,509.4,1362.5
10.0,1.0,3.0,4.589999999999999,572.245720110453,572.245720110453,0.0,4414.02,530.0,72.0,296.2,0.6343091596738055,218.28969715555556,3127.3,759.3,1434.0
10.0,1.0,5.0,6.75,577.3479934713171,577.3479934713171,0.0,3175.53,530.3,72.0,296.6,0.6707267491243762,278.3426115555555,4916.2,1202.6,1554.8
125.0,1.0,1.0,1.9760640000000076,4323.706341335685,4323.706341335685,0.0,47143.083333333336,530.376,72.0,296.536,0.5744193801498729,59.821600391111104,2878.208,402.528,2001.28
125.0,1.0,2.0,3.9362559999999993,3858.428418757054,3858.428418757054,0.0,41762.39666666667,530.36,72.0,296.384,0.5941963678309613,70.99801094613329,4241.408,708.792,2158.032
125.0,1.0,3.0,5.880576000000003,3478.009488184052,3478.009488184052,0.0,37308.96666666667,530.288,72.0,296.352,0.6092812584868623,82.847624704,5876.912,1050.144,2301.088
140.0,1.0,1.0,1.9786224489795807,4570.01383900349,4570.01383900349,0.0,49870.97666666667,530.4285714285714,72.0,296.48571428571427,0.5605381538456672,62.13558826666667,3100.9928571428572,409.8071428571429,2128.6
140.0,1.0,2.0,3.9430612244897816,4102.324070307848,4102.324070307848,0.0,44503.20333333333,530.3357142857143,72.0,296.4642857142857,0.5802954713839796,71.04482914285708,4513.3,719.5071428571429,2283.1428571428573
140.0,1.0,3.0,5.893316326530617,3699.0993769838615,3699.0993769838615,0.0,39745.456666666665,530.3214285714286,72.0,296.32142857142856,0.5955952477808135,81.27262793587296,6171.171428571429,1064.3,2441.442857142857
140.0,1.0,70.0,104.25,601.3494188043242,601.3494188043242,0.0,3302.346666666667,530.0928571428572,72.0,296.1714285714286,0.6808103165675188,287.0258669409524,158043.90714285715,29277.164285714287,6381.157142857143
25.0,1.0,12.0,17.5104,666.0630128867987,666.0630128867987,0.0,3802.983333333333,530.28,72.0,296.52,0.6072397130033419,253.79097383111107,18132.76,3343.28,2148.56
25.0,1.0,1.0,1.8816000000000006,1253.4058926900716,1253.4058926900716,0.0,13233.626666666667,530.32,72.0,296.56,0.5743278668680862,92.03730652444443,1839.68,322.44,1444.4
25.0,1.0,2.0,3.686399999999999,1148.0930812843285,1148.0930812843285,0.0,11610.5,530.36,72.0,296.68,0.596698233308892,130.47916202666664,2795.44,597.16,1549.0
25.0,1.0,3.0,5.4144000000000005,1051.1423529755182,1051.1423529755182,0.0,10176.71,530.28,72.0,296.36,0.6130362776433236,152.7193373511111,4047.6,885.92,1649.2
2.0,1.0,1.0,0.75,244.8996559975399,244.8996559975399,0.0,1345.62,530.0,72.0,296.0,0.6991766993950675,219.9781008888889,822.0,170.0,919.0
50.0,1.0,1.0,1.940400000000004,2372.917109994729,2372.917109994729,0.0,25595.433333333334,530.46,72.0,296.68,0.5731721234221799,79.35366667555556,1951.36,321.36,1500.62
50.0,1.0,25.0,36.75,709.6969543581531,709.6969543581531,0.0,3898.1366666666668,530.34,72.0,296.3,0.6144680906543042,286.31486200533334,42928.2,6843.1,2855.68
50.0,1.0,2.0,3.8416000000000015,2120.862870217675,2120.862870217675,0.0,22381.533333333333,530.32,72.0,296.26,0.5931771929662303,102.89934760888887,3040.64,585.44,1623.24
50.0,1.0,3.0,5.703600000000003,1912.3337010850248,1912.3337010850248,0.0,19771.75,530.34,72.0,296.62,0.6065145439556014,128.82825374222222,4441.22,869.52,1726.94
75.0,1.0,1.0,1.96017777777777,3294.6854998190584,3294.6854998190584,0.0,35755.04666666667,530.3333333333334,72.0,296.41333333333336,0.5856410027366751,68.29887418074073,2152.76,352.6533333333333,1596.9333333333334
75.0,1.0,2.0,3.8940444444444373,2933.5603684496173,2933.5603684496173,0.0,31411.3,530.2533333333333,72.0,296.4266666666667,0.6084160218958481,86.63759518814815,3319.9866666666667,635.5333333333333,1722.3066666666666
75.0,1.0,37.0,55.00337777777778,706.5783944106053,706.5783944106053,0.0,3932.07,530.36,72.0,296.46666666666664,0.6370420675907897,288.8736843531851,69452.25333333333,11126.613333333333,3508.2266666666665
75.0,1.0,3.0,5.801600000000002,2638.156520554195,2638.156520554195,0.0,27823.483333333334,530.4266666666666,72.0,296.52,0.6209585908842606,112.11660725925927,4782.106666666667,951.44,1833.6266666666668
100.0,1.0,1.0,1.9701000000000028,10446.802371071793,10446.802371071793,0.0,31027.18,530.33,72.0,296.45,0.6189865347634818,70.03042643644443,2416.53,366.87,1893.56
100.0,1.0,2.0,3.920400000000008,7819.400379987585,7819.400379987585,0.0,22988.286666666667,530.27,72.0,296.31,0.6490349305546382,99.28657186044445,4309.54,707.66,2170.27
100.0,1.0,3.0,5.850900000000004,6202.252537053725,6202.252537053725,0.0,18045.783333333333,530.25,72.0,296.39,0.6622499622640613,112.93100891999998,6566.92,1065.5,2371.54
100.0,1.0,50.0,74.25,753.3027549544598,753.3027549544598,0.0,1129.92,530.22,72.0,296.36,0.6635378417540221,313.60719947111113,103310.77,17043.47,5418.02
10.0,1.0,1.0,1.7099999999999995,1522.3513949503215,1522.3513949503215,0.0,4110.616666666667,530.5,72.0,296.5,0.6122235451845434,153.35882542222222,1572.9,293.3,1443.3
10.0,1.0,2.0,3.239999999999999,1267.5019203023662,1267.5019203023662,0.0,3048.19,530.2,72.0,296.3,0.6620677665459794,195.85143271111113,2649.0,590.0,1538.2
10.0,1.0,3.0,4.589999999999999,1093.1728074363998,1093.1728074363998,0.0,2299.2166666666667,530.1,72.0,296.3,0.6864894837414602,233.18332008888888,3745.7,893.7,1631.1
10.0,1.0,5.0,6.75,964.8224259985661,964.8224259985661,0.0,1447.1333333333334,530.4,72.0,296.4,0.7117867579819619,319.66750586666666,5317.0,1349.1,1676.3
125.0,1.0,1.0,1.9760640000000076,11448.395647643098,11448.395647643098,0.0,34072.7,530.312,72.0,296.448,0.6057316678084347,65.43542610062224,2826.832,399.736,2137.8
125.0,1.0,2.0,3.9362559999999993,8644.765420230293,8644.765420230293,0.0,25526.91,530.336,72.0,296.448,0.6357272134881904,88.21342052053335,4882.528,763.592,2451.912
125.0,1.0,3.0,5.880576000000003,6883.216633291808,6883.216633291808,0.0,20163.016666666666,530.256,72.0,296.352,0.6525097201025292,99.85042235022229,7273.264,1162.712,2703.912
140.0,1.0,2.0,3.9430612244897816,9194.946621247127,9194.946621247127,0.0,27181.336666666666,530.3642857142858,72.0,296.52142857142854,0.620198885349911,80.28077130666664,5175.435714285714,780.0,2598.5714285714284
140.0,1.0,3.0,5.893316326530617,7342.223421363567,7342.223421363567,0.0,21558.1,530.3285714285714,72.0,296.45,0.6378828740035785,93.71490482666671,7617.028571428571,1187.3285714285714,2868.307142857143
140.0,1.0,70.0,104.25,638.2106133653252,638.2106133653252,0.0,958.8533333333334,530.1928571428572,72.0,296.2214285714286,0.6787395517786172,294.6596736273017,172007.87142857144,30967.75,7511.35
25.0,1.0,12.0,17.5104,858.9026807155767,858.9026807155767,0.0,1340.87,530.2,72.0,296.4,0.6265516778612108,289.67364800000007,19221.4,3754.56,2506.36
25.0,1.0,1.0,1.8816000000000006,3268.4287146316365,3268.4287146316365,0.0,9401.556666666667,530.16,72.0,296.28,0.6125820472705246,129.28944519111107,1816.16,325.56,1603.2
25.0,1.0,2.0,3.686399999999999,2500.534830809793,2500.534830809793,0.0,6898.336666666667,530.32,72.0,296.36,0.6381765214571784,151.54370869333334,3329.28,646.2,1797.8
25.0,1.0,3.0,5.4144000000000005,2029.307410171786,2029.307410171786,0.0,5356.1866666666665,530.2,72.0,296.48,0.6463238798682766,164.76738499555557,5034.36,1000.72,1921.72
2.0,1.0,1.0,0.75,614.7316268959188,614.7316268959188,0.0,924.3666666666667,530.5,72.0,296.0,0.7063304703387372,284.14910133333336,798.5,166.5,1006.0
50.0,1.0,1.0,1.940400000000004,6265.115395819664,6265.115395819664,0.0,18409.303333333333,530.34,72.0,296.38,0.6081726203764779,113.21355919999999,1919.76,318.08,1645.86
50.0,1.0,25.0,36.75,789.396842089609,789.396842089609,0.0,1187.0333333333333,530.2,72.0,296.32,0.6078712705115259,292.2566712177778,47504.72,7387.52,3488.72
50.0,1.0,2.0,3.8416000000000015,4664.815609422884,4664.815609422884,0.0,13433.806666666667,530.2,72.0,296.48,0.6346821372120665,138.2636867146666,3622.2,629.7,1868.3
50.0,1.0,3.0,5.703600000000003,3705.543621009266,3705.543621009266,0.0,10451.02,530.36,72.0,296.4,0.6434950063163276,146.80128325333337,5595.58,962.82,2020.32
75.0,1.0,1.0,1.96017777777777,8718.968075361396,8718.968075361396,0.0,25804.103333333333,530.36,72.0,296.48,0.6231880087842556,90.51527914785181,2107.2533333333336,349.8933333333333,1730.1333333333334
75.0,1.0,2.0,3.8940444444444373,6512.417964469692,6512.417964469692,0.0,19019.443333333333,530.3866666666667,72.0,296.52,0.6541971188230173,112.82681421037036,3885.733333333333,691.5066666666667,1955.2
75.0,1.0,37.0,55.00337777777778,781.472529851968,781.472529851968,0.0,1189.3633333333332,530.1733333333333,72.0,296.37333333333333,0.6435744383738302,301.5171834370371,73630.32,12279.293333333333,4145.506666666667
75.0,1.0,3.0,5.801600000000002,5134.485825893622,5134.485825893622,0.0,14787.04,530.3733333333333,72.0,296.5733333333333,0.6619537128004244,129.06543119762964,6049.72,1041.88,2120.8
100.0,1.0,1.0,1.9701000000000028,12769.675444315237,12769.675444315237,0.0,26689.873333333333,530.38,72.0,296.52,0.6304415742084033,78.52571074577779,2464.05,372.89,1946.94
100.0,1.0,2.0,3.920400000000008,9061.501045448062,9061.501045448062,0.0,18749.22333333333,530.3,72.0,296.42,0.6608614505186077,100.00508753333331,4525.6,723.28,2245.68
100.0,1.0,3.0,5.850900000000004,6962.896762583651,6962.896762583651,0.0,14256.133333333333,530.21,72.0,296.29,0.6717168554320853,113.7171723573333,6911.9,1084.0,2457.79
100.0,1.0,50.0,74.25,761.4760806211553,761.4760806211553,0.0,805.48,530.29,72.0,296.15,0.6696157050905444,309.6736533262223,104128.51,17553.55,5668.27
10.0,1.0,1.0,1.7099999999999995,1859.4870381119765,1859.4870381119765,0.0,3532.61,530.4,72.0,296.5,0.6253810689352949,166.39228462222223,1591.7,305.7,1497.1
10.0,1.0,2.0,3.239999999999999,1454.6749235281463,1454.6749235281463,0.0,2458.24,530.4,72.0,296.1,0.6718926015230067,217.02893653333336,2776.5,610.2,1602.3
10.0,1.0,3.0,4.589999999999999,1263.3565382258587,1263.3565382258587,0.0,1867.6133333333332,530.3,72.0,296.4,0.7084902866894833,261.38448782222224,3717.9,916.5,1625.2
10.0,1.0,5.0,6.75,1038.852451968549,1038.852451968549,0.0,1095.8866666666668,530.2,72.0,296.0,0.7105687529848814,331.29592133333335,5449.2,1363.2,1724.5
125.0,1.0,1.0,1.9760640000000076,14052.196380051324,14052.196380051324,0.0,29426.166666666668,530.424,72.0,296.576,0.616063556900178,67.56365255182223,2869.992,405.872,2183.272
125.0,1.0,2.0,3.9362559999999993,9970.370059576218,9970.370059576218,0.0,20708.296666666665,530.328,72.0,296.456,0.6464893132951717,88.73233616355552,5150.008,791.296,2550.752
140.0,1.0,1.0,1.9786224489795807,14842.391257205521,14842.391257205521,0.0,31105.413333333334,530.3285714285714,72.0,296.4357142857143,0.6006792060665235,64.45016239301584,3091.0642857142857,415.27142857142854,2321.5214285714287
140.0,1.0,2.0,3.9430612244897816,10599.633936616552,10599.633936616552,0.0,22055.803333333333,530.3571428571429,72.0,296.45,0.6306310587163233,82.67442164761908,5446.628571428571,805.3714285714286,2710.4142857142856
140.0,1.0,3.0,5.893316326530617,8193.971986240913,8193.971986240913,0.0,16925.016666666666,530.3285714285714,72.0,296.42857142857144,0.6476389896513266,94.08472753015874,8096.471428571429,1232.45,3003.792857142857
25.0,1.0,12.0,17.5104,877.5617801581506,877.5617801581506,0.0,965.0466666666666,530.12,72.0,296.24,0.6225043573834281,287.1472663466666,19801.48,3856.6,2575.4
25.0,1.0,1.0,1.8816000000000006,3998.655720667205,3998.655720667205,0.0,8103.736666666667,530.4,72.0,296.52,0.6270198354550087,137.48789700266664,1850.56,330.56,1658.36
25.0,1.0,2.0,3.686399999999999,2901.0750500480312,2901.0750500480312,0.0,5631.176666666666,530.32,72.0,296.4,0.6513253779438528,156.98753393777778,3480.48,673.84,1852.68
25.0,1.0,3.0,5.4144000000000005,2274.662386860793,2274.662386860793,0.0,4225.57,530.12,72.0,296.12,0.6525542427929768,163.5702064746666,5259.08,1027.76,1982.4
2.0,1.0,1.0,0.75,743.1295432835468,743.1295432835468,0.0,784.15,530.0,72.0,296.5,0.7108594839612885,290.8036768888889,811.0,170.5,1023.5
50.0,1.0,1.0,1.940400000000004,7695.6409136801185,7695.6409136801185,0.0,15923.7,530.26,72.0,296.4,0.6213449803076148,116.08793251555555,1958.6,322.16,1691.8
50.0,1.0,25.0,36.75,796.1869402069923,796.1869402069923,0.0,839.94,530.48,72.0,296.58,0.5997009076777383,294.54943073244436,48507.34,7558.42,3696.76
50.0,1.0,2.0,3.8416000000000015,5371.951816937533,5371.951816937533,0.0,10888.466666666667,530.34,72.0,296.44,0.6478672069081074,141.43816771555558,3828.8,652.96,1942.12
50.0,1.0,3.0,5.703600000000003,4115.170664093764,4115.170664093764,0.0,8165.143333333333,530.22,72.0,296.32,0.6499848318142467,148.3551156728889,5967.52,974.5,2102.8
75.0,1.0,1.0,1.96017777777777,10696.222565847376,10696.222565847376,0.0,22279.41,530.3333333333334,72.0,296.56,0.6358630855166593,95.51696614281481,2153.7733333333335,352.9066666666667,1773.1466666666668
75.0,1.0,2.0,3.8940444444444373,7504.799211863193,7504.799211863193,0.0,15422.863333333333,530.3733333333333,72.0,296.50666666666666,0.6663586085925727,116.91784276859254,4110.1466666666665,711.3466666666667,2023.68
75.0,1.0,37.0,55.00337777777778,786.3507877756855,786.3507877756855,0.0,840.7466666666667,530.2266666666667,72.0,296.46666666666664,0.6413392523391517,303.6301871158518,74990.64,12572.133333333333,4353.1466666666665
75.0,1.0,3.0,5.801600000000002,5738.773032337872,5738.773032337872,0.0,11634.56,530.32,72.0,296.4266666666667,0.6701410880006176,130.94477264592592,6374.573333333334,1061.3466666666666,2197.693333333333
