100.0,1.0,100.0,99.0,460.8925707029626,451.7159040362959,0.0,0.0,785.4,72.0,0.0,0.5974302996376389,408.695034056,187100.18,21167.92,0.0
10.0,1.0,10.0,9.0,685.2650698239299,684.5284031572633,0.0,0.0,784.9,72.0,0.0,0.6649374563688711,382.8181842666667,9712.7,1840.1,0.0
25.0,1.0,25.0,24.0,518.4097019947067,516.7063686613734,0.0,0.0,785.16,72.0,0.0,0.5598823749030851,332.28211004444444,37256.8,5692.4,0.0
2.0,1.0,2.0,1.0,619.3418229389293,619.2851562722627,0.0,0.0,785.0,72.0,0.0,0.7864423539326126,326.59419288888887,1486.5,176.5,0.0
2.0,1.0,2.0,1.0,607.3234367958244,607.2467701291578,0.0,0.0,785.0,72.0,0.0,0.7828988740407283,329.5629826666666,1514.0,179.0,0.0
50.0,1.0,50.0,49.0,524.5600511374528,519.8767178041195,0.0,0.0,785.08,72.0,0.0,0.5818944052257387,394.0290426044443,77433.58,10146.18,0.0
75.0,1.0,75.0,74.0,533.2563043288246,526.1063043288246,0.0,0.0,785.08,72.0,0.0,0.6407161602073486,409.76296663940735,115295.94666666667,17039.706666666665,0.0
10.0,1.0,10.0,8.999999999999998,835.6663221475492,835.6396554808825,0.0,0.0,445.3,72.0,0.0,0.7173645513585883,383.1462606222222,7695.6,1725.3,0.0
25.0,1.0,25.0,24.0,697.3409525687123,697.2409525687123,0.0,0.0,445.48,72.0,0.0,0.6194790656245542,376.9526258844444,27143.4,5220.96,0.0
2.0,1.0,2.0,1.0,734.2959681475534,734.2959681475534,0.0,0.0,445.5,72.0,0.0,0.7854698960481397,387.9008337777778,1242.0,169.5,0.0
2.0,1.0,2.0,1.0,716.7237059882125,716.7203726548792,0.0,0.0,445.0,72.0,0.0,0.7872071764128998,372.1315551111111,1254.0,175.0,0.0
50.0,1.0,50.0,49.0,658.4232964157682,658.1866297491015,0.0,0.0,445.48,72.0,0.0,0.6101344434360823,391.7089031697777,60507.24,10161.94,0.0
75.0,1.0,75.0,74.0,643.9315780156272,643.6649113489606,0.0,0.0,445.2266666666667,72.0,0.0,0.6464038341776418,399.29170292859243,94366.89333333333,15539.08,0.0
100.0,1.0,100.0,99.0,588.0382348598879,586.1949015265545,0.0,0.0,530.75,72.0,0.0,0.6775204714819298,415.86921484088873,139508.43,22179.37,0.0
10.0,1.0,10.0,9.0,785.0884973675692,784.9418307009025,0.0,0.0,530.2,72.0,0.0,0.6992411924990358,382.89726062222223,8278.9,1774.7,0.0
25.0,1.0,25.0,24.0,623.6822115401749,623.3288782068415,0.0,0.0,530.4,72.0,0.0,0.6040047639902263,353.51577557688887,30131.48,5418.52,0.0
2.0,1.0,2.0,1.0,693.3519101737879,693.3485768404546,0.0,0.0,530.5,72.0,0.0,0.7844797094270253,379.31285066666663,1307.0,171.5,0.0
2.0,1.0,2.0,1.0,680.9352147601079,680.9185480934412,0.0,0.0,530.0,72.0,0.0,0.7851721055490863,373.2550484444444,1325.5,176.5,0.0
50.0,1.0,50.0,49.0,602.5185220646019,601.7418553979352,0.0,0.0,529.98,72.0,0.0,0.5972219496284111,391.2953136728889,66759.22,10209.94,0.0
75.0,1.0,75.0,74.0,582.5606513396018,581.2773180062685,0.0,0.0,530.3466666666667,72.0,0.0,0.6323628541624315,405.0540616841481,105750.13333333333,16056.706666666667,0.0
10.0,1.0,10.0,9.0,953.9177242113681,847.9210575447015,0.0,0.0,775.1,72.0,0.0,0.8083588601595885,95.3135032,6163.4,1718.7,0.0
25.0,1.0,25.0,24.0,832.2451478320426,594.4784811653758,0.0,0.0,775.4,72.0,0.0,0.7808981941834052,85.57054026666668,20309.36,5306.64,0.0
2.0,1.0,2.0,1.0,698.6106232460133,690.6406232460133,0.0,0.0,775.0,72.0,0.0,0.7842910150131707,87.7153911111111,1274.0,176.0,0.0
2.0,1.0,2.0,1.0,704.1394273017731,696.3260939684397,0.0,0.0,775.5,72.0,0.0,0.7838928852096023,85.19905733333333,1256.5,178.5,0.0
50.0,1.0,50.0,49.0,676.404066075491,296.53739940882423,0.0,0.0,775.28,72.0,0.0,0.6720580963061323,69.22925909333334,57775.2,9908.2,0.0
75.0,1.0,75.0,74.0,560.8799354421537,157.07660210882042,0.0,0.0,775.1866666666666,72.0,0.0,0.6013419207754264,61.674339962074086,115071.50666666667,20623.826666666668,0.0
100.0,1.0,100.0,99.0,635.8818072341619,590.4151405674952,0.0,0.0,443.5,72.0,0.0,0.6638590506688246,78.63448119199998,134775.19,23167.72,0.0
10.0,1.0,10.0,8.999999999999998,1050.962755674307,1046.0227556743068,0.0,0.0,443.4,72.0,0.0,0.81169591539848,108.35706391111111,5607.8,1652.0,0.0
125.0,1.0,125.0,124.0,550.6067258681994,502.0367258681994,0.0,0.0,443.376,72.0,0.0,0.6928872210060645,77.54046138026665,187837.0,30911.824,0.0
25.0,1.0,25.0,24.0,910.4741487113553,898.1941487113553,0.0,0.0,443.12,72.0,0.0,0.7646361837181004,91.59403904,18614.44,5047.92,0.0
2.0,1.0,2.0,1.0,769.6239912996311,769.3006579662978,0.0,0.0,443.5,72.0,0.0,0.7847256599165544,89.59124,1150.0,174.5,0.0
2.0,1.0,2.0,1.0,768.3447791904251,768.0181125237584,0.0,0.0,443.5,72.0,0.0,0.7855441863917235,99.89879599999999,1165.0,176.0,0.0
50.0,1.0,50.0,49.0,823.8622637152667,797.1122637152667,0.0,0.0,443.0,72.0,0.0,0.7210246187442186,83.48000041244444,46510.4,9425.02,0.0
75.0,1.0,75.0,74.0,659.1839964364269,623.7239964364269,0.0,0.0,443.70666666666665,72.0,0.0,0.6427786439314767,72.161810592,98318.65333333334,16912.24,0.0
100.0,1.0,100.0,99.0,643.3167866458082,486.18678664580824,0.0,0.0,526.52,72.0,0.0,0.6950910487187669,77.33271190577774,126385.46,20361.7,0.0
10.0,1.0,10.0,9.0,1011.8812941922922,992.9512941922923,0.0,0.0,526.3,72.0,0.0,0.8093818543504779,109.50828231111112,5851.6,1658.1,0.0
25.0,1.0,25.0,24.0,884.1975989351856,837.7142656018522,0.0,0.0,526.4,72.0,0.0,0.7727978589597666,88.46272099555554,19133.0,5120.6,0.0
2.0,1.0,2.0,1.0,765.7258996988504,764.3325663655171,0.0,0.0,526.5,72.0,0.0,0.7824493880086568,90.5062351111111,1159.0,174.0,0.0
2.0,1.0,2.0,1.0,750.3030300498003,749.0430300498003,0.0,0.0,526.5,72.0,0.0,0.7839699406640697,95.70083466666667,1177.5,175.0,0.0
50.0,1.0,50.0,49.0,720.4221231079889,628.5221231079889,0.0,0.0,526.48,72.0,0.0,0.6628776817601062,67.27187664000002,55093.34,9162.3,0.0
75.0,1.0,75.0,74.0,746.4393680069617,611.2593680069617,0.0,0.0,526.08,72.0,0.0,0.7495183641713776,81.48178907851853,77531.72,15365.32,0.0
