100.0,1.0,1.0,4.8519850599000085,2863.097026584645,2863.097026584645,0.0,39697.11,785.24,72.0,296.34,0.6071873851767573,69.41116847111114,3823.43,813.48,1799.63
10.0,1.0,1.0,3.6855899999999995,438.33237730550843,438.33237730550843,0.0,5511.536666666667,785.7,72.0,296.5,0.6008608311698554,141.824164,2302.5,589.7,1285.3
125.0,1.0,1.0,4.881272344543234,3144.076538627953,3144.076538627953,0.0,43679.323333333334,785.344,72.0,296.416,0.5956707986998249,60.46074744177779,4478.744,875.624,2038.696
140.0,1.0,1.0,4.893872100147982,3336.7252566027705,3336.7252566027705,0.0,46428.75666666667,785.2071428571429,72.0,296.35,0.580536182111979,59.92344574920634,4796.4857142857145,885.1714285714286,2162.9571428571426
25.0,1.0,1.0,4.431055257600003,917.4655633582646,917.4655633582646,0.0,12342.273333333333,785.32,72.0,296.44,0.5993431573394803,112.69088074666665,2737.04,711.84,1460.28
2.0,1.0,1.0,0.96875,191.45984657253453,191.45984657253453,0.0,1340.81,785.0,72.0,296.5,0.705954469628298,213.73068933333332,1135.0,223.5,860.5
50.0,1.0,1.0,4.707880956800004,1727.637709138041,1727.637709138041,0.0,23722.15,785.08,72.0,296.28,0.5989201538102248,91.94551184000001,2971.9,704.84,1529.3799999999999
75.0,1.0,1.0,4.803520189208224,2402.4706586271486,2402.4706586271486,0.0,33195.69666666666,785.2266666666667,72.0,296.38666666666666,0.6120590971063965,78.12110122666665,3319.5866666666666,780.6666666666666,1620.3333333333333
100.0,1.0,1.0,4.8519850599000085,5187.868931702145,5187.868931702145,0.0,30806.243333333332,785.42,72.0,296.42,0.6470280789032418,74.37932231199997,4200.51,852.03,1943.91
10.0,1.0,1.0,3.6855899999999995,807.1500293802758,807.1500293802758,0.0,4357.623333333333,785.2,72.0,296.1,0.6444307196230413,154.9674270222222,2436.5,640.1,1395.3
125.0,1.0,1.0,4.881272344543234,5685.910385906442,5685.910385906442,0.0,33845.013333333336,785.224,72.0,296.352,0.630965006510054,65.92818390755554,4909.168,920.928,2208.5280000000002
140.0,1.0,1.0,4.893872100147982,6030.892793364228,6030.892793364228,0.0,35936.11666666667,785.3642857142858,72.0,296.42857142857144,0.6136662331705413,63.33446817015873,5255.342857142857,929.9071428571428,2343.807142857143
25.0,1.0,1.0,4.431055257600003,1666.1852934575372,1666.1852934575372,0.0,9600.223333333333,785.44,72.0,296.56,0.640370111040045,136.78054644622222,2979.28,756.92,1610.36
2.0,1.0,1.0,0.96875,376.53122298150697,376.53122298150697,0.0,1128.28,785.5,72.0,296.5,0.7043510130357936,253.6051728888889,1085.5,219.0,884.0
50.0,1.0,1.0,4.707880956800004,3148.3613439278483,3148.3613439278483,0.0,18508.073333333334,785.4,72.0,296.34,0.6362696509478741,123.88737627911111,3259.08,751.7,1673.3
75.0,1.0,1.0,4.803520189208224,4355.494873405938,4355.494873405938,0.0,25786.33,785.32,72.0,296.46666666666664,0.6538808258037002,96.56905759644448,3647.1066666666666,827.32,1760.44
100.0,1.0,1.0,4.8519850599000085,5713.458661031494,5713.458661031494,0.0,28909.256666666668,785.4,72.0,296.53,0.6558239539865127,74.63292623199997,4297.52,864.58,1977.1999999999998
10.0,1.0,1.0,3.6855899999999995,892.0961084602536,892.0961084602536,0.0,4102.753333333333,785.3,72.0,296.5,0.6496298351227391,163.46890124444442,2494.6,648.0,1422.3
125.0,1.0,1.0,4.881272344543234,6254.716895945407,6254.716895945407,0.0,31711.716666666667,785.448,72.0,296.608,0.6378442688110486,68.06314285368889,5027.976,927.368,2240.2160000000003
140.0,1.0,1.0,4.893872100147982,6621.572288655177,6621.572288655177,0.0,33600.316666666666,785.3785714285714,72.0,296.4714285714286,0.6201986645135987,65.79699308888887,5384.214285714285,942.7142857142857,2380.8357142857144
25.0,1.0,1.0,4.431055257600003,1833.6201024421428,1833.6201024421428,0.0,8996.753333333334,785.28,72.0,296.24,0.6496546010155293,141.97260004977775,3064.76,771.36,1641.9199999999998
2.0,1.0,1.0,0.96875,414.8566757608898,414.8566757608898,0.0,1061.8766666666668,785.0,72.0,296.5,0.7033070015466221,264.624444,1094.5,221.0,900.0
50.0,1.0,1.0,4.707880956800004,3466.5122002862036,3466.5122002862036,0.0,17362.703333333335,785.42,72.0,296.66,0.6473068247768694,125.73774242311109,3351.66,760.28,1700.5600000000002
75.0,1.0,1.0,4.803520189208224,4775.601029332158,4775.601029332158,0.0,24086.543333333335,785.3733333333333,72.0,296.32,0.6620239621842039,103.02552993185186,3760.88,841.32,1794.2133333333334
100.0,1.0,1.0,0.9900000000000009,4661.666675381341,4661.666675381341,0.0,46180.72666666667,445.26,72.0,296.37,0.5608522414495077,63.717052177777774,2016.89,214.47,1568.99
10.0,1.0,1.0,0.8999999999999998,661.5661733832015,661.5661733832015,0.0,5928.93,445.3,72.0,296.6,0.5436680569018465,118.9354812444444,1297.6,165.9,1225.5
125.0,1.0,1.0,0.9920000000000009,5081.313398090958,5081.313398090958,0.0,50424.91,445.264,72.0,296.456,0.5470288811193632,59.458035626666685,2337.552,235.976,1801.048
140.0,1.0,1.0,0.9928571428571393,5319.215161304471,5319.215161304471,0.0,52836.89666666667,445.23571428571427,72.0,296.5,0.5427708255821909,61.17606519365078,2508.15,251.35714285714286,1922.257142857143
25.0,1.0,1.0,0.9600000000000009,1454.7174941236665,1454.7174941236665,0.0,13961.96,445.56,72.0,296.76,0.5481105256894504,82.37340732444444,1531.68,180.12,1308.16
2.0,1.0,1.0,0.5,274.4931778001444,274.4931778001444,0.0,1374.6433333333334,445.0,72.0,296.0,0.6944258065449533,199.42301377777778,563.0,115.0,859.5
50.0,1.0,1.0,0.9800000000000009,2742.632000330589,2742.632000330589,0.0,26899.303333333333,445.2,72.0,296.48,0.5473467677053927,69.66252250666668,1645.06,181.68,1365.7399999999998
75.0,1.0,1.0,0.9866666666666648,3802.9517205217467,3802.9517205217467,0.0,37600.666666666664,445.25333333333333,72.0,296.4533333333333,0.5558652824577757,66.38053918933332,1818.4533333333334,197.01333333333332,1457.1200000000001
100.0,1.0,1.0,0.9900000000000009,16205.641273187995,16205.641273187995,0.0,32090.06333333333,445.35,72.0,296.43,0.5892438423148146,66.73185607999999,1727.47,193.68,1641.55
10.0,1.0,1.0,0.8999999999999998,2256.570426962766,2256.570426962766,0.0,4057.5233333333335,445.5,72.0,296.3,0.567561261106994,145.96939751111108,1173.4,154.3,1321.6999999999998
125.0,1.0,1.0,0.9920000000000009,17711.221835923752,17711.221835923752,0.0,35150.92,445.288,72.0,296.464,0.5759467540509335,62.90017491199998,2015.568,211.872,1868.136
140.0,1.0,1.0,0.9928571428571393,18496.167865013995,18496.167865013995,0.0,36726.753333333334,445.3071428571429,72.0,296.45714285714286,0.5699884859630069,61.30139491809525,2181.557142857143,225.34285714285716,1992.3214285714287
25.0,1.0,1.0,0.9600000000000009,4977.450708503927,4977.450708503927,0.0,9551.28,445.28,72.0,296.56,0.568955707049726,120.69802328888888,1349.16,164.88,1420.72
2.0,1.0,1.0,0.5,906.3015604710238,906.3015604710238,0.0,907.06,445.0,72.0,296.0,0.7100567554524366,279.8072711111111,512.0,106.0,929.5
50.0,1.0,1.0,0.9800000000000009,9496.064176238988,9496.064176238988,0.0,18614.366666666665,445.28,72.0,296.36,0.5686844207737554,98.05590184888887,1425.48,165.12,1463.28
75.0,1.0,1.0,0.9866666666666648,13285.73363720693,13285.73363720693,0.0,26212.97,445.3333333333333,72.0,296.46666666666664,0.580797284096955,76.53462046814813,1555.5066666666667,178.50666666666666,1534.8533333333335
100.0,1.0,1.0,0.9900000000000009,22573.38929847611,22573.38929847611,0.0,24835.496666666666,445.31,72.0,296.5,0.5993992477427137,71.62220215999999,1696.64,193.62,1677.99
10.0,1.0,1.0,0.8999999999999998,3076.4106640776376,3076.4106640776376,0.0,3075.51,445.2,72.0,296.5,0.5849753276225997,158.82972106666665,1177.3,156.9,1401.8
125.0,1.0,1.0,0.9920000000000009,24697.38782485152,24697.38782485152,0.0,27217.556666666667,445.304,72.0,296.384,0.5864549193828539,65.6142519886222,1977.704,211.424,1898.72
140.0,1.0,1.0,0.9928571428571393,25870.10739319327,25870.10739319327,0.0,28539.763333333332,445.3857142857143,72.0,296.5285714285714,0.5796267003034524,61.910170222222256,2133.7357142857145,223.02142857142857,2015.0142857142855
25.0,1.0,1.0,0.9600000000000009,6854.673558016522,6854.673558016522,0.0,7312.293333333333,445.2,72.0,296.44,0.586711936139882,129.63106872888892,1347.16,166.4,1482.52
2.0,1.0,1.0,0.5,1248.0569920178298,1248.0569920178298,0.0,695.2766666666666,445.0,72.0,296.5,0.7162164086246259,305.5321066666666,505.5,106.0,952.5
50.0,1.0,1.0,0.9800000000000009,13165.343235601558,13165.343235601558,0.0,14340.386666666667,445.36,72.0,296.44,0.5837721472251625,109.4941113422222,1420.96,166.56,1517.48
75.0,1.0,1.0,0.9866666666666648,18403.052962844555,18403.052962844555,0.0,20173.823333333334,445.32,72.0,296.4266666666667,0.5933553052781523,90.74532200296292,1542.92,179.6,1584.76
100.0,1.0,1.0,1.9701000000000028,3939.644532523696,3939.644532523696,0.0,42922.426666666666,530.18,72.0,296.27,0.5826657402065106,63.493259555555575,2466.38,373.93,1684.4
10.0,1.0,1.0,1.7099999999999995,578.3810502914891,578.3810502914891,0.0,5733.4366666666665,530.4,72.0,296.4,0.5665500237161629,134.75263142222218,1598.9,288.3,1252.8
125.0,1.0,1.0,1.9760640000000076,4323.706341335685,4323.706341335685,0.0,47143.083333333336,530.376,72.0,296.536,0.5744193801498729,59.821600391111104,2878.208,402.528,1911.84
140.0,1.0,1.0,1.9786224489795807,4570.01383900349,4570.01383900349,0.0,49870.97666666667,530.4285714285714,72.0,296.48571428571427,0.5605381538456672,62.13558826666667,3100.9928571428572,409.8071428571429,2034.8999999999999
25.0,1.0,1.0,1.8816000000000006,1253.4058926900716,1253.4058926900716,0.0,13233.626666666667,530.32,72.0,296.56,0.5743278668680862,92.03730652444443,1839.68,322.44,1374.8400000000001
2.0,1.0,1.0,0.75,244.8996559975399,244.8996559975399,0.0,1345.62,530.0,72.0,296.0,0.6991766993950675,219.9781008888889,822.0,170.0,851.0
50.0,1.0,1.0,1.940400000000004,2372.917109994729,2372.917109994729,0.0,25595.433333333334,530.46,72.0,296.68,0.5731721234221799,79.35366667555556,1951.36,321.36,1433.1599999999999
75.0,1.0,1.0,1.96017777777777,3294.6854998190584,3294.6854998190584,0.0,35755.04666666667,530.3333333333334,72.0,296.41333333333336,0.5856410027366751,68.29887418074073,2152.76,352.6533333333333,1524.4666666666667
100.0,1.0,1.0,1.9701000000000028,10446.802371071793,10446.802371071793,0.0,31027.18,530.33,72.0,296.45,0.6189865347634818,70.03042643644443,2416.53,366.87,1806.37
10.0,1.0,1.0,1.7099999999999995,1522.3513949503215,1522.3513949503215,0.0,4110.616666666667,530.5,72.0,296.5,0.6122235451845434,153.35882542222222,1572.9,293.3,1366.2
125.0,1.0,1.0,1.9760640000000076,11448.395647643098,11448.395647643098,0.0,34072.7,530.312,72.0,296.448,0.6057316678084347,65.43542610062224,2826.832,399.736,2039.4800000000002
25.0,1.0,1.0,1.8816000000000006,3268.4287146316365,3268.4287146316365,0.0,9401.556666666667,530.16,72.0,296.28,0.6125820472705246,129.28944519111107,1816.16,325.56,1526.6000000000001
2.0,1.0,1.0,0.75,614.7316268959188,614.7316268959188,0.0,924.3666666666667,530.5,72.0,296.0,0.7063304703387372,284.14910133333336,798.5,166.5,928.5
50.0,1.0,1.0,1.940400000000004,6265.115395819664,6265.115395819664,0.0,18409.303333333333,530.34,72.0,296.38,0.6081726203764779,113.21355919999999,1919.76,318.08,1572.26
75.0,1.0,1.0,1.96017777777777,8718.968075361396,8718.968075361396,0.0,25804.103333333333,530.36,72.0,296.48,0.6231880087842556,90.51527914785181,2107.2533333333336,349.8933333333333,1651.0666666666668
100.0,1.0,1.0,1.9701000000000028,12769.675444315237,12769.675444315237,0.0,26689.873333333333,530.38,72.0,296.52,0.6304415742084033,78.52571074577779,2464.05,372.89,1856.39
10.0,1.0,1.0,1.7099999999999995,1859.4870381119765,1859.4870381119765,0.0,3532.61,530.4,72.0,296.5,0.6253810689352949,166.39228462222223,1591.7,305.7,1417.6
125.0,1.0,1.0,1.9760640000000076,14052.196380051324,14052.196380051324,0.0,29426.166666666668,530.424,72.0,296.576,0.616063556900178,67.56365255182223,2869.992,405.872,2081.904
140.0,1.0,1.0,1.9786224489795807,14842.391257205521,14842.391257205521,0.0,31105.413333333334,530.3285714285714,72.0,296.4357142857143,0.6006792060665235,64.45016239301584,3091.0642857142857,415.27142857142854,2216.057142857143
25.0,1.0,1.0,1.8816000000000006,3998.655720667205,3998.655720667205,0.0,8103.736666666667,530.4,72.0,296.52,0.6270198354550087,137.48789700266664,1850.56,330.56,1576.8799999999999
2.0,1.0,1.0,0.75,743.1295432835468,743.1295432835468,0.0,784.15,530.0,72.0,296.5,0.7108594839612885,290.8036768888889,811.0,170.5,943.5
50.0,1.0,1.0,1.940400000000004,7695.6409136801185,7695.6409136801185,0.0,15923.7,530.26,72.0,296.4,0.6213449803076148,116.08793251555555,1958.6,322.16,1614.7
75.0,1.0,1.0,1.96017777777777,10696.222565847376,10696.222565847376,0.0,22279.41,530.3333333333334,72.0,296.56,0.6358630855166593,95.51696614281481,2153.7733333333335,352.9066666666667,1691.4
